1694
1022
1095
1216
1858
1540
1209
1114
1455
1518
1836
1058
1351
1359
1846
1638
1647
1399
1960
1974
1989
1823
1078
1473
1630
1211
1409
1710
1189
1881
1205
1684
1367
1111
1289
1507
1341
1730
1745
1545
1097
1334
1266
1032
1826
1401
1450
1493
1889
1468
1998
1943
1053
1567
1543
1933
1633
1346
1197
1094
1697
1039
1068
1648
1948
1715
1824
1671
1534
1199
1426
1420
1610
1434
1210
1834
1555
1592
1601
1096
1511
1553
1071
1402
1303
1573
1623
1847
1347
1517
1609
1472
1762
1102
1471
1760
1198
1165
1309
1267
1381
1324
1175
1572
1061
1307
1178
1783
1743
1076
1119
1133
1308
1021
1845
1769
1230
1355
1164
1218
1001
1270
1789
1437
1047
1003
1635
1219
1475
1463
1576
1387
1185
1785
1629
1746
1643
1006
1621
1994
1656
1541
1934
1887
1030
1090
1043
1608
1646
1942
1709
1661
1140
1814
1015
1187
1556
1820
1505
1860
1265
1428
1929
1830
1878
1591
1787
1868
1865
1611
1990
1176
1763
1330
1968
1366
1246
1996
1158
1931
1108
1752
1115
1894
1842
1535
1748
1777
1343
1521
1261
1970
1062
1506
1781
1417
1550
1322
1981
1089
1105
1336
1286
1664
1953
1921
1569
1357
1321
1963
1809
1971
1875
1722
1945
1215
1186
1500
1874
1170
1075
1415
1301
1955
1181
1340
1128
1651
1938
1026
1808
1872
1183
1817
1964
1446
1145
1803
1490
1036
1691
1528
1804
1906
1571
1900
1377
1566
1410
1546
1779
1323
1135
1727
1469
1536
1329
1168
1588
1466
1403
1318
1281
1203
1508
1903
1268
1667
1120
1962
1010
1228
1510
1025
1487
1127
1731
1169
1999
1891
1125
1679
1207
1167
1879
1717
1714
1217
1220
1206
1044
1171
1056
1737
1124
1876
1274
1620
1394
1645
1606
1066
1310
1544
1902
1224
1363
1264
1663
1262
1509
1007
1937
1705
1708
1840
1693
1298
1849
1086
1275
1899
1905
1595
1432
1313
1201
1202
1352
1277
1396
1772
1098
1013
1519
1014
1117
1756
1245
1325
1188
1732
1958
1944
1632
1884
1271
1706
1477
1793
1100
1400
1795
1805
1857
1485
1112
1692
1587
1657
1326
1452
1051
1012
1293
1151
1723
1407
1570
1173
1574
1678
1370
1729
1759
1680
1615
1020
1153
1405
1565
1952
1103
1342
1247
1639
1353
1045
1852
1863
1897
1526
1600
1721
1063
1563
1695
1688
1028
1436
1512
1263
1658
1616
1223
1618
1144
1331
1864
1757
1650
1278
1523
1160
1699
1822
1060
1946
1753
1835
1888
1196
1735
1284
1954
1703
1190
1604
1776
1242
1539
1497
1040
1386
1255
1384
1116
1214
1240
1870
1685
1492
1641
1516
1110
1593
1669
1642
1489
1581
1369
1696
1554
1038
1004
1582
1991
1388
1191
1143
1306
1483
1910
1451
1445
1134
1665
1802
1433
1392
1886
1464
1825
1673
1412
1379
1137
1733
1774
1364
1460
1880
1605
1287
1470
1018
1734
1131
1718
1229
1895
1104
1233
1037
1501
1856
1372
1084
1890
1315
1126
1617
1862
1236
1009
1231
1269
1295
1279
1807
1225
1385
1333
1624
1568
1978
1689
1922
1226
1561
1873
1784
1547
1448
1121
1637
1208
1091
1072
1503
1375
1320
1833
1496
1901
1238
1029
1350
1397
1848
1005
1294
1033
1383
1390
1443
1596
1204
1904
1335
1813
1928
1790
1724
1634
1625
1042
1797
1520
1424
1794
1939
1248
1297
1259
1154
1599
1628
1786
1764
1404
1491
1411
1488
1283
1049
1674
1182
1827
1660
1494
2000
1482
1578
1138
1442
1237
1109
1088
1652
1499
1986
1052
1925
1896
1447
1290
1358
1819
1666
1909
1654
1993
1597
1498
1558
1356
1380
1008
1755
1288
1251
1726
1514
1441
1345
1513
1871
1798
1077
1389
1935
1854
1374
1821
1413
1927
1087
1461
1234
1683
1627
1775
1831
1292
1360
1474
1552
1598
1193
1867
1457
1339
1559
1046
1300
1486
1101
1742
1152
1744
1893
1481
1992
1594
1059
1174
1736
1649
1987
1579
1425
1740
1435
1515
1838
1818
1172
1408
1194
1936
1139
1711
1132
1244
1106
1612
1406
1690
1467
1941
1791
1622
1113
1312
1739
1080
1972
1614
1670
1456
1796
1951
1373
1841
1950
1806
1431
1327
1149
1926
1200
1590
1024
1249
1533
1504
1751
1273
1338
1877
1800
1136
1361
1478
1299
1082
1843
1253
1603
1738
1855
1930
1932
1177
1913
1002
1430
1166
1524
1282
1065
1161
1122
1148
1365
1853
1812
1707
1564
1349
1017
1067
1449
1157
1761
1575
1258
1398
1892
1949
1314
1850
1016
1988
1792
1227
1050
1328
1965
1644
1458
1459
1092
1319
1031
1159
1716
1976
1655
1631
1914
1064
1828
1427
1252
1057
1801
1069
1560
1924
1317
1883
1961
1770
1832
1291
1816
1484
1337
1527
1212
1054
1799
1316
1502
1885
1479
1728
1607
1636
1969
1256
1272
1048
1495
1778
1041
1613
1118
1023
1908
1844
1525
1977
1184
1438
1701
1859
1123
1995
1395
1422
1562
1213
1371
1311
1754
1626
1418
1073
1997
1916
1241
1070
1429
1702
1766
1586
1276
1476
1619
1423
1712
1866
1653
1221
1915
1035
1099
1771
1577
1810
1750
1453
1911
1522
1882
1982
1382
1959
1444
1419
1640
1296
1179
1967
1815
1156
1907
1923
1672
1480
1788
1861
1222
1011
1421
1530
1454
1083
1973
1682
1439
1713
1940
1675
1302
1551
1741
1686
1285
1720
1254
1749
1304
1162
1966
1055
1747
1920
1019
1348
1146
1956
1235
1975
1305
1362
1687
1983
1129
1163
1700
1912
1465
1414
1773
1332
1130
1368
1440
1698
1659
1141
1947
1837
1917
1681
1869
1142
1243
1107
1542
1851
1780
1602
1079
1585
1147
1676
1668
1662
1704
1531
1250
1034
1829
1354
1344
1765
1898
1093
1376
1583
1768
1985
1239
1378
1085
1074
1719
1758
1257
1918
1180
1957
1081
1538
1984
1416
1919
1232
1260
1979
1529
1393
1192
1782
1549
1027
1391
1462
1980
1557
1839
1155
1580
1532
1150
1811
1725
1195
1767
1548
1677
1537
1589
1280
1584
