1266
1372
1572
1906
1201
1894
1940
1657
1625
1062
1204
1175
1679
1380
1760
1491
1707
1976
1374
1763
1917
1208
1638
1123
1261
1377
1014
1373
1846
1331
1468
1581
1478
1181
1800
1646
1766
1104
1697
1396
1789
1621
1751
1530
1507
1754
1023
1455
1698
1659
1454
1818
1416
1232
1067
1094
1299
1490
1624
1383
1859
1276
1431
1312
1610
1242
1447
1715
1079
1815
1316
1780
1322
1310
1442
1826
1799
1360
1717
1885
1400
1655
1368
1944
1694
1186
1650
1112
1224
1131
1219
1054
1584
1795
1706
1722
1412
1371
1732
1546
1590
1318
1243
1891
1568
1191
1116
1427
1825
1534
1869
1651
1317
1941
1132
1012
1633
1092
1394
1564
1873
1436
1426
1153
1662
1398
1934
1182
1200
1519
1501
1946
1031
1558
1805
1518
1485
1950
1850
1438
1588
1517
1205
1222
1992
1387
1150
1637
1090
1736
1523
1474
1279
1384
1424
1877
1448
1064
1234
1179
1240
1958
1982
1653
1737
1345
1909
1280
1603
1281
1524
1962
1709
1324
1315
1739
1531
1936
1498
1742
1241
1157
1726
1904
1716
1155
1618
1900
1767
1445
1577
1925
1082
1749
1229
1476
1089
1675
1256
1628
1215
1989
1413
1966
1145
1798
1874
1103
1990
1896
1986
1080
1602
1747
1644
1898
1510
1787
1746
2000
1858
1129
1251
1397
1922
1961
1872
1036
1323
1951
1268
1102
1288
1864
1980
1528
1527
1972
1328
1835
1233
1439
1691
1108
1314
1160
1827
1100
1346
1828
1998
1699
1353
1451
1362
1808
1185
1903
1277
1693
1388
1235
1206
1969
1865
1122
1048
1554
1953
1124
1046
1960
1278
1731
1217
1140
1187
1886
1761
1556
1021
1987
1884
1770
1035
1753
1230
1111
1095
1158
1161
1945
1695
1947
1358
1481
1070
1084
1773
1652
1472
1890
1344
1928
1262
1689
1977
1881
1734
1821
1098
1134
1579
1495
1184
1340
1057
1935
1876
1878
1452
1213
1939
1803
1688
1786
1548
1764
1967
1512
1661
1197
1267
1542
1052
1683
1294
1963
1386
1642
1654
1117
1357
1253
1444
1177
1307
1113
1820
1473
1930
1042
1509
1271
1634
1183
1547
1053
1570
1303
1704
1988
1535
1919
1838
1532
1730
1811
1926
1293
1678
1354
1908
1796
1139
1263
1209
1539
1713
1660
1668
1350
1406
1604
1144
1149
1943
1784
1640
1589
1852
1088
1563
1308
1839
1211
1399
1188
1212
1804
1775
1622
1571
1537
1608
1938
1220
1464
1007
1721
1587
1605
1440
1466
1414
1848
1289
1180
1405
1479
1993
1964
1847
1083
1199
1842
1049
1978
1480
1503
1897
1649
1216
1305
1060
1453
1418
1030
1647
1994
1024
1165
1833
1685
1147
1892
1792
1522
1069
1039
1824
1785
1203
1606
1596
1359
1809
1536
1762
1702
1609
1257
1002
1238
1725
1598
1887
1087
1254
1367
1245
1506
1975
1210
1991
1127
1565
1806
1260
1361
1600
1081
1441
1614
1304
1259
1690
1001
1450
1552
1921
1836
1615
1703
1202
1790
1910
1983
1425
1028
1728
1952
1667
1330
1555
1750
1576
1419
1973
1696
1429
1862
1004
1355
1349
1091
1313
1985
1162
1959
1617
1557
1167
1526
1744
1851
1382
1545
1680
1469
1286
1974
1711
1130
1055
1720
1172
1156
1871
1287
1686
1759
1300
1151
1823
1643
1830
1593
1255
1971
1392
1623
1005
1814
1499
1171
1569
1022
1363
1366
1801
1059
1854
1320
1520
1641
1105
1585
1735
1907
1511
1583
1757
1041
1748
1912
1284
1173
1356
1311
1591
1875
1562
1015
1249
1423
1032
1504
1777
1292
1227
1933
1899
1781
1338
1856
1194
1774
1845
1672
1326
1743
1459
1298
1855
1682
1626
1931
1492
1656
1365
1135
1207
1942
1630
1819
1493
1911
1840
1443
1955
1462
1733
1666
1916
1505
1096
1237
1401
1486
1408
1137
1995
1567
1166
1918
1541
1560
1250
1665
1920
1109
1334
1073
1283
1729
1011
1550
1521
1783
1671
1295
1126
1369
1669
1033
1807
1529
1258
1296
1525
1741
1020
1611
1120
1752
1306
1446
1376
1223
1635
1863
1272
1415
1164
1347
1118
1040
1097
1601
1247
1948
1965
1923
1189
1755
1432
1708
1488
1470
1025
1385
1580
1460
1467
1718
1849
1051
1664
1143
1433
1270
1502
1996
1192
1381
1125
1463
1395
1979
1337
1136
1816
1225
1348
1332
1008
1391
1336
1791
1538
1169
1252
1196
1658
1496
1883
1970
1719
1471
1198
1148
1343
1339
1895
1932
1075
1595
1954
1613
1812
1141
1273
1612
1902
1514
1121
1788
1868
1170
1302
1461
1325
1586
1889
1692
1107
1813
1375
1246
1724
1038
1740
1574
1422
1551
1133
1778
1378
1888
1110
1832
1937
1410
1616
1829
1592
1168
1047
1221
1403
1309
1544
1793
1516
1364
1575
1063
1319
1010
1239
1013
1335
1071
1244
1779
1619
1434
1163
1597
1329
1817
1193
1420
1834
1214
1068
1645
1066
1494
1404
1074
1190
1561
1072
1769
1681
1351
1045
1997
1639
1409
1195
1146
1154
1407
1275
1843
1802
1782
1119
1176
1301
1670
1333
1636
1879
1676
1393
1745
1269
1687
1673
1077
1914
1489
1924
1099
1701
1758
1142
1599
1981
1627
1437
1006
1342
1663
1797
1034
1003
1037
1559
1844
1009
1457
1341
1956
1138
1629
1549
1421
1674
1029
1477
1867
1905
1056
1553
1282
1772
1837
1114
1106
1058
1756
1274
1582
1484
1882
1513
1218
1290
1705
1861
1231
1929
1228
1714
1017
1178
1076
1027
1019
1159
1291
1712
1620
1458
1949
1957
1297
1776
1677
1738
1226
1093
1566
1390
1915
1700
1352
1265
1115
1482
1540
1389
1723
1508
1500
1043
1327
1101
1607
1984
1913
1810
1901
1631
1794
1128
1999
1078
1632
1026
1483
1379
1893
1456
1236
1248
1860
1321
1435
1870
1573
1174
1065
1465
1866
1417
1018
1050
1684
1968
1449
1430
1831
1853
1578
1727
1016
1515
1487
1710
1086
1594
1497
1648
1402
1543
1285
1044
1822
1475
1152
1765
1085
1880
1533
1927
1411
1370
1428
1264
1768
1061
1771
1841
1857
1531
1685
1383
1953
1118
1039
1502
1575
1833
1649
1936
1507
1084
1982
1396
1883
1863
1292
1131
1261
1006
1803
1171
1824
1163
1745
1506
1266
1334
1999
1574
1455
1326
1990
1624
1190
1345
1495
1850
1147
1222
1157
1589
1481
1180
1390
1556
1295
1458
1894
1044
1508
1420
1859
1834
1155
1711
1381
1525
1076
1110
1869
1825
1153
1498
1870
1305
1151
1886
1431
1206
1002
1993
1374
1946
1468
1672
1026
1350
1357
1311
1335
1587
1031
1638
1747
1464
1103
1827
1377
1432
1991
1220
1272
1639
1699
1013
1967
1958
1840
1622
1229
1370
1111
1119
1573
1310
1378
1838
1343
1204
1614
1009
1609
1702
1450
1273
1651
1269
1683
1099
1932
1910
1731
1665
1790
1244
1955
1238
1288
1752
1096
1922
1353
1893
1154
1230
1570
1704
1363
1138
1248
1689
1141
1677
1449
1274
1235
1684
1089
1713
1068
1887
1733
1828
1211
1021
1188
1913
1324
1071
1872
1475
1275
1789
1316
1796
1228
1572
1114
1673
1633
1367
1866
1563
1062
1533
1985
1184
1034
1835
1282
1366
1317
1750
1142
1122
1499
1015
1054
1631
1757
1168
1520
1268
1770
1658
1595
1179
1037
1294
1593
1975
1537
1559
1674
1561
1682
1867
1536
1101
1581
1053
1221
1841
1741
1767
1917
1460
1024
1441
1077
1491
1636
1907
1104
1063
1271
1805
1411
1259
1242
1800
1812
1028
1830
1308
1359
1307
1535
1304
1943
1029
1226
1728
1706
1725
1597
1568
1050
1102
1093
1571
1675
1301
1137
1279
1911
1678
1057
1082
1558
1225
1534
1978
1290
1373
1858
1043
1223
1176
1281
1954
1629
1494
1778
1120
1836
1515
1670
1980
1429
1264
1532
1546
1187
1183
1485
1346
1270
1040
1916
1935
1341
1023
1361
1263
1351
1729
1784
1368
1113
1144
1680
1765
1529
1811
1358
1416
1302
1929
1746
1964
1461
1477
1797
1939
1112
1519
1303
1719
1901
1567
1227
1135
1469
1881
1751
1923
1708
1251
1590
1061
1331
1503
1403
1703
1604
1653
1185
1740
1115
1580
1660
1197
1108
1048
1156
1925
1948
1696
1905
1095
1254
1150
1861
1376
1064
1842
1592
1551
1804
1074
1755
1734
1200
1354
1738
1091
1693
1845
1941
1161
1960
1521
1490
1918
1523
1749
1846
1511
1392
1291
1160
1016
1203
1139
1538
1415
1322
1707
1933
1005
1576
1436
1169
1885
1526
1899
1433
1698
1389
1584
1809
1277
1484
1768
1030
1078
1852
1788
1839
1038
1330
1198
1817
1737
1753
1926
1224
1547
1395
1522
1961
1234
1888
1643
1871
1213
1687
1608
1476
1215
1219
1539
1882
1312
1527
1486
1146
1386
1721
1814
1998
1598
1600
1260
1178
1632
1394
1618
1129
1036
1898
1780
1774
1743
1012
1196
1397
1605
1769
1445
1802
1641
1628
1087
1448
1634
1709
1173
1440
1435
1079
1627
1607
1914
1218
1705
1927
1007
1020
1654
1207
1465
1864
1599
1365
1086
1613
1046
1083
1878
1319
1106
1340
1562
1444
1483
1233
1801
1437
1100
1973
1669
1191
1906
1344
1049
1847
1011
1318
1478
1771
1410
1843
1384
1656
1123
1202
1902
1412
1664
1516
1518
1986
1214
1876
1565
1453
1855
1134
1347
1821
1823
1545
1258
1278
1938
1853
1540
1690
1022
1404
1644
1962
1419
1217
1671
1297
2000
1732
1560
1655
1947
1912
1662
1601
1385
1333
1880
1338
1979
1793
1088
1372
1284
1544
1352
1666
1710
1247
1879
1949
1195
1454
1989
1785
1552
1810
1542
1438
1425
1342
1236
1256
1966
1182
1170
1501
1686
1667
1615
1058
1045
1406
1459
1097
1717
1783
1056
1019
1014
1364
1716
1679
1466
1121
1447
1051
1808
1773
1987
1776
1325
1505
1997
1124
1017
1610
1243
1630
1735
1500
1819
1329
1003
1349
1152
1293
1362
1557
1620
1033
1616
1969
1018
1621
1250
1904
1931
1884
1298
1798
1908
1482
1189
1092
1957
1489
1199
1813
1548
1831
1891
1697
1766
1379
1782
1792
1903
1162
1968
1143
1434
1320
1591
1181
1194
1085
1700
1550
1786
1467
1427
1722
1492
1895
1496
1430
1313
1201
1807
1862
1820
1854
1125
1594
1816
1681
1175
1956
1255
1668
1965
1069
1008
1977
1193
1541
1408
1517
1877
1443
1405
1611
1626
1186
1109
1081
1391
1059
1970
1073
1328
1585
1695
1025
1107
1937
1787
1090
1487
1596
1289
1393
1775
1718
1951
1742
1249
1818
1549
1715
1543
1424
1959
1676
1896
1488
1582
1612
1164
1940
1934
1844
1988
1856
1791
1564
1555
1149
1815
1694
1439
1928
1428
1974
1756
1267
1042
1996
1730
1739
1909
1889
1915
1874
1265
1759
1280
1606
1995
1418
1452
1399
1950
1382
1285
1569
1130
1414
1512
1727
1868
1283
1055
1321
1159
1994
1315
1603
1451
1314
1714
1875
1004
1208
1762
1400
1578
1579
1659
1380
1262
1648
1924
1241
1337
1216
1758
1470
1857
1010
1897
1306
1513
1930
1032
1692
1473
1577
1407
1210
1635
1442
1098
1471
1166
1237
1723
1763
1963
1921
1126
1772
1409
1851
1158
1497
1369
1748
1417
1528
1387
1625
1777
1530
1205
1661
1027
1754
1781
1127
1504
1128
1640
1140
1422
1174
1371
1984
1652
1426
1276
1645
1457
1423
1177
1826
1806
1165
1067
1360
1761
1209
1296
1401
1952
1070
1136
1309
1976
1041
1094
1848
1849
1944
1865
1332
1602
1402
1336
1398
1105
1080
1299
1919
1837
1617
1239
1760
1339
1566
1860
1586
1474
1375
1240
1355
1052
1588
1663
1456
1133
1001
1646
1388
1942
1981
1892
1509
1992
1286
1524
1736
1287
1232
1212
1553
1245
1167
1323
1971
1463
1794
1650
1720
1637
1799
1117
1047
1724
1072
1691
1642
1480
1779
1066
1172
1554
1619
1413
1462
1920
1726
1479
1688
1873
1890
1493
1253
1764
1246
1514
1583
1647
1972
1075
1446
1421
1327
1065
1900
1983
1348
1829
1744
1300
1712
1356
1822
1623
1832
1035
1795
1472
1701
1192
1257
1060
1657
1132
1510
1116
1945
1231
1145
1148
1252
1872
1967
1866
1437
1192
1082
1580
1070
1524
1469
1048
1589
1782
1592
1028
1390
1105
1024
1826
1321
1289
1806
1406
1010
1052
1713
1072
1069
1620
1402
1418
1078
1269
1768
1089
1267
1132
1639
1942
1204
1358
1114
1748
1063
1750
1119
1742
1345
1587
1873
1100
1680
1149
1248
1733
1563
1091
1150
1661
1254
1280
1529
1324
1934
1202
1553
1382
1504
1755
1977
1628
1818
1379
1829
1749
1049
1879
1461
1459
1186
1627
1503
1560
1283
1151
1776
1162
1536
1887
1487
1738
1987
1701
1032
1507
1109
1621
1982
1506
1519
1466
1909
1939
1974
1140
1882
1912
1264
1704
1612
1357
1353
1789
1730
1236
1161
1846
1740
1306
1954
1009
1189
1803
1043
1764
1574
1996
1880
1993
1669
1029
1674
1342
1681
1870
1317
1180
1834
1488
1380
1692
1143
1177
1299
1386
1966
1513
1086
1816
1495
1144
1441
1047
1155
1986
1350
1600
1370
1401
1320
1656
1807
1373
1232
1546
1631
1491
1895
1424
1120
1222
1145
1743
1900
1917
1235
1616
1464
1465
1520
1790
1630
1623
1125
1301
1745
1405
1023
1366
1813
1015
1706
1772
1721
1691
1950
1179
1555
1521
1074
1477
1932
1103
1419
1881
1352
1841
1290
1454
1084
1821
1632
1127
1393
1110
1541
1377
1163
1562
1261
1413
1463
1899
1031
1490
1133
1548
1205
1957
1550
1579
1131
1165
1984
1246
1505
1351
1170
1038
1642
1845
1034
1251
1266
1804
1159
1219
1226
1672
1573
1079
1569
1311
1166
1006
1811
1187
1164
1229
1869
1695
1364
1124
1896
1141
1371
1060
1583
1797
1709
1640
1515
1791
1118
1244
1717
1662
1387
1756
1666
1543
1650
1468
1810
1973
1679
1635
1326
1561
1859
1223
1376
1130
1784
1766
1360
1558
1958
1201
1655
1022
1594
1310
1849
1720
1195
1853
1972
1281
1522
1077
1234
1731
1215
1307
1277
1333
1300
1183
1444
1783
1935
1774
1399
1367
1907
1288
1432
1001
1582
1068
1065
1820
1020
1228
1523
1076
1233
1754
1923
1689
1268
1203
1835
1453
1581
1613
1486
1547
1802
1908
1540
1241
1565
1518
1115
1106
1608
1286
1051
1657
1011
1316
1272
1242
1718
1178
1416
1493
1456
1619
1868
1415
1173
1249
1760
1654
1602
1136
1245
1785
1429
1209
1427
1095
1678
1836
1085
1815
1217
1837
1375
1308
1206
1200
1347
1777
1636
1157
1102
1036
1675
1671
1475
1019
1938
1963
1962
1449
1007
1483
1765
1626
1838
1904
1190
1448
1411
1535
1355
1033
1617
1665
1814
1684
1975
1211
1794
1514
1156
1472
1385
1511
1169
1724
1512
1697
1833
1605
1668
1763
1961
1913
1660
1314
1445
1265
1590
1388
1071
1359
1439
1964
1473
1262
1864
1542
1780
1256
1737
1208
1885
1414
1231
1795
1708
1158
1496
1075
1257
1425
1634
1980
1027
1361
1685
1936
1645
1026
1858
1275
1744
1572
1983
1762
1349
1728
1298
1848
1336
1682
1831
1827
1016
1710
1492
1992
1779
1050
1539
1893
1037
1832
1875
1863
1238
1584
1931
1824
1924
1916
1259
1356
1822
1603
1871
1295
1480
1046
1431
1501
1227
1624
1168
1478
1703
1112
1530
1715
1436
1557
1659
1953
1101
1711
1971
1944
1394
1438
1788
1723
1067
1988
1559
1471
1793
1532
1185
1443
1922
1842
1855
1279
1719
1328
1335
1663
1940
1933
1113
1979
1874
1338
1057
1819
1447
1770
1906
1809
1174
1197
1481
1586
1474
1952
1423
1395
1970
1278
1128
1365
1282
1773
1263
1741
1452
1812
1285
1412
1798
1430
1591
1946
1775
1273
1304
1139
1564
1297
1252
1941
1087
1526
1867
1451
1270
1045
1649
1843
1059
1230
1629
2000
1510
1055
1039
1434
1989
1525
1652
1959
1664
1714
1013
1225
1997
1611
1918
1184
1196
1142
1343
1160
1090
1981
1396
1994
1677
1312
1852
1769
1670
1276
1534
1426
1729
1599
1035
1224
1552
1092
1384
1303
1596
1551
1198
1707
1409
1771
1117
1097
1064
1876
1956
1137
1291
1093
1758
1861
1318
1787
1494
1041
1182
1400
1476
1914
1533
1929
1735
1369
1123
1122
1700
1625
1648
1450
1339
1287
1354
1937
1799
1446
1104
1066
1253
1392
1601
1044
1614
1017
1372
1825
1920
1322
1331
1687
1489
1759
1383
1107
1801
1889
1800
1391
1747
1362
1698
1761
1716
1919
1221
1527
1593
1021
1258
1054
1538
1260
1442
1462
1999
1844
1925
1865
1897
1341
1188
1823
1040
1571
1537
1467
1440
1207
1604
1883
1597
1216
1135
1943
1294
1556
1725
1116
1646
1271
1129
1644
1014
1734
1096
1422
1805
1609
1606
1274
1175
1167
1757
1111
1030
1061
1976
1042
1004
1210
1851
1398
1397
1517
1792
1073
1567
1500
1862
1171
1990
1099
1860
1578
1457
1305
1928
1949
1121
1985
1898
1637
1830
1417
1435
1332
1293
1690
1191
1877
1194
1856
1891
1633
1470
1484
1545
1315
1008
1840
1978
1482
1667
1847
1884
1098
1702
1549
1509
1705
1968
1808
1240
1969
1378
1778
1752
1850
1638
1148
1901
1146
1199
1134
1528
1237
1497
1152
1302
1915
1767
1404
1348
1062
1726
1575
1003
1325
1309
1753
1781
1363
1056
1643
1323
1374
1330
1576
1428
1570
1568
1154
1857
1420
1368
1903
1641
1214
1053
1138
1126
1892
1433
1389
1088
1610
1927
1607
1888
1588
1296
1699
1930
1243
1577
1284
1673
1727
1313
1250
1094
1693
1658
1531
1921
1479
1618
1421
1951
1886
1153
1239
1408
1902
1890
1817
1247
1337
1595
1172
1615
1460
1502
1407
1381
1651
1554
1955
1598
1683
1508
1905
1926
1329
1736
1212
1676
1176
1998
1108
1002
1878
1696
1688
1732
1751
1991
1622
1319
1786
1193
1455
1499
1995
1080
1647
1334
1181
1739
1894
1498
1947
1147
1012
1722
1344
1828
1458
1255
1910
1945
1025
1403
1410
1585
1796
1346
1081
1566
1746
1220
1213
1854
1544
1485
1058
1327
1911
1653
1516
1712
1948
1686
1694
1005
1083
1340
1960
1292
1965
1018
1839
1218
1133
1186
1286
1452
1101
1445
1467
1326
1310
1031
1496
1087
1336
1188
1375
1242
1348
1480
1184
1374
1449
1102
1312
1060
1128
1482
1007
1181
1411
1161
1227
1282
1231
1489
1386
1311
1369
1050
1335
1190
1378
1298
1359
1253
1485
1360
1011
1217
1332
1313
1215
1387
1197
1110
1032
1045
1141
1230
1293
1180
1402
1129
1202
1146
1284
1113
1208
1497
1037
1460
1437
1361
1149
1143
1203
1380
1367
1165
1329
1405
1183
1299
1168
1136
1315
1085
1295
1051
1479
1059
1099
1025
1263
1357
1317
1323
1475
1166
1493
1243
1262
1444
1108
1395
1251
1415
1413
1487
1363
1235
1381
1285
1139
1167
1058
1006
1275
1040
1171
1244
1377
1393
1404
1066
1436
1382
1192
1078
1086
1222
1213
1029
1014
1236
1340
1219
1205
1191
1407
1431
1246
1216
1372
1093
1260
1471
1062
1264
1432
1304
1458
1195
1115
1158
1174
1063
1420
1026
1095
1073
1097
1351
1151
1408
1296
1388
1022
1112
1241
1333
1209
1277
1281
1476
1125
1292
1330
1240
1349
1290
1094
1354
1469
1160
1278
1477
1239
1470
1414
1486
1221
1121
1446
1389
1494
1473
1034
1255
1366
1424
1081
1425
1155
1080
1054
1153
1403
1038
1075
1324
1279
1464
1220
1273
1391
1088
1185
1270
1269
1096
1074
1047
1090
1142
1256
1399
1071
1013
1114
1232
1320
1036
1490
1169
1104
1344
1265
1430
1435
1119
1297
1150
1498
1352
1107
1488
1109
1339
1116
1237
1392
1233
1117
1259
1120
1027
1061
1122
1091
1226
1126
1076
1067
1187
1294
1039
1016
1176
1144
1383
1015
1409
1307
1258
1068
1044
1466
1041
1106
1465
1474
1252
1481
1300
1454
1030
1069
1033
1289
1321
1048
1028
1364
1433
1105
1140
1021
1229
1350
1396
1135
1019
1098
1456
1280
1194
1035
1157
1368
1077
1245
1257
1159
1200
1463
1092
1234
1065
1177
1272
1455
1056
1341
1182
1338
1483
1422
1417
1211
1131
1418
1499
1207
1173
1287
1390
1178
1343
1342
1193
1379
1212
1358
1423
1371
1042
1164
1461
1057
1447
1154
1010
1248
1319
1271
1459
1123
1012
1421
1238
1429
1172
1365
1442
1356
1400
1428
1283
1362
1355
1152
1247
1261
1450
1291
1053
1145
1276
1334
1416
1052
1170
1373
1484
1478
1346
1448
1500
1301
1337
1017
1434
1100
1055
1249
1189
1214
1370
1318
1443
1419
1199
1201
1228
1305
1266
1322
1439
1002
1347
1316
1308
1398
1162
1492
1223
1124
1163
1130
1384
1198
1397
1441
1427
1138
1491
1288
1306
1328
1345
1302
1005
1083
1206
1196
1440
1210
1004
1127
1082
1003
1018
1147
1175
1268
1024
1020
1267
1070
1274
1049
1401
1472
1009
1309
1224
1327
1043
1225
1046
1118
1410
1001
1156
1134
1103
1426
1385
1254
1353
1218
1148
1303
1438
1394
1468
1204
1314
1023
1179
1089
1079
1406
1453
1412
1008
1451
1137
1325
1376
1331
1462
1495
1250
1111
1072
1457
1084
1132
1064
1278
1344
1328
1330
1235
1480
1199
1419
1373
1262
1429
1229
1004
1355
1349
1091
1313
1491
1162
1307
1399
1340
1167
1062
1185
1441
1382
1359
1452
1469
1286
1014
1158
1130
1055
1021
1172
1156
1081
1287
1184
1439
1300
1151
1090
1053
1453
1464
1255
1331
1392
1257
1005
1406
1499
1171
1042
1022
1363
1366
1289
1059
1150
1320
1396
1303
1105
1279
1122
1413
1069
1180
1108
1041
1353
1224
1284
1173
1356
1311
1147
1398
1271
1015
1249
1423
1032
1219
1397
1292
1227
1100
1318
1266
1338
1263
1194
1200
1153
1181
1326
1371
1459
1298
1387
1386
1139
1155
1492
1444
1365
1135
1207
1209
1276
1157
1493
1131
1240
1443
1324
1462
1204
1052
1123
1233
1096
1237
1401
1486
1408
1137
1116
1305
1166
1368
1036
1024
1250
1242
1400
1109
1334
1073
1283
1080
1011
1367
1361
1451
1450
1295
1126
1369
1197
1033
1067
1202
1258
1296
1127
1418
1020
1211
1120
1346
1306
1446
1376
1223
1254
1454
1272
1415
1164
1347
1118
1040
1097
1089
1247
1416
1046
1360
1189
1160
1432
1134
1488
1470
1025
1385
1253
1460
1467
1445
1474
1051
1294
1143
1433
1270
1425
1201
1192
1381
1125
1463
1395
1208
1337
1136
1035
1225
1348
1332
1008
1391
1336
1216
1002
1169
1252
1196
1357
1496
1092
1468
1380
1471
1198
1148
1343
1339
1191
1079
1075
1431
1023
1012
1485
1141
1273
1070
1455
1098
1121
1212
1031
1170
1302
1461
1325
1414
1473
1048
1107
1466
1375
1246
1187
1038
1388
1049
1422
1039
1133
1251
1378
1317
1110
1188
1312
1410
1144
1322
1007
1168
1047
1221
1403
1309
1315
1103
1304
1364
1234
1063
1319
1010
1239
1013
1335
1071
1244
1129
1350
1434
1163
1238
1329
1412
1193
1420
1054
1214
1068
1183
1066
1494
1404
1074
1190
1490
1072
1102
1426
1351
1045
1358
1213
1409
1195
1146
1154
1407
1275
1064
1256
1362
1119
1176
1301
1383
1333
1374
1436
1299
1393
1082
1269
1495
1210
1077
1316
1489
1175
1099
1241
1277
1142
1111
1424
1145
1437
1006
1342
1104
1215
1034
1003
1037
1165
1448
1009
1457
1341
1084
1138
1354
1243
1421
1203
1029
1477
1280
1345
1056
1260
1282
1323
1113
1114
1106
1058
1314
1274
1405
1484
1394
1001
1218
1290
1481
1438
1231
1205
1228
1230
1017
1178
1076
1027
1019
1159
1291
1095
1267
1458
1217
1245
1297
1268
1094
1206
1226
1093
1060
1390
1186
1472
1352
1265
1115
1482
1088
1389
1132
1149
1500
1043
1327
1101
1308
1232
1112
1083
1030
1293
1447
1128
1372
1078
1442
1026
1483
1379
1427
1456
1236
1248
1440
1321
1435
1028
1261
1174
1065
1465
1476
1417
1018
1050
1057
1478
1449
1430
1281
1177
1384
1124
1016
1259
1487
1161
1086
1220
1497
1479
1402
1140
1285
1044
1498
1475
1152
1377
1085
1182
1087
1310
1411
1370
1428
1264
1288
1061
1117
1179
1222
1266
1342
1191
1475
1059
1020
1250
1286
1413
1322
1463
1251
1042
1485
1196
1435
1425
1144
1064
1128
1003
1393
1084
1403
1080
1363
1246
1129
1162
1333
1279
1221
1158
1452
1301
1092
1166
1238
1408
1071
1107
1075
1282
1230
1086
1186
1265
1140
1218
1424
1021
1241
1199
1406
1479
1073
1334
1179
1247
1036
1052
1407
1385
1072
1232
1405
1142
1070
1411
1200
1095
1001
1500
1172
1384
1215
1309
1012
1161
1163
1434
1153
1267
1014
1290
1339
1211
1047
1374
1170
1195
1292
1099
1122
1287
1313
1006
1223
1263
1412
1277
1102
1164
1049
1053
1253
1137
1167
1369
1151
1090
1269
1004
1428
1306
1486
1119
1283
1117
1296
1043
1303
1455
1315
1493
1415
1105
1446
1399
1123
1320
1041
1149
1150
1160
1065
1097
1240
1381
1419
1058
1104
1288
1496
1458
1187
1114
1098
1383
1037
1294
1028
1494
1466
1375
1456
1009
1077
1488
1132
1029
1096
1192
1111
1318
1127
1319
1091
1229
1046
1268
1489
1146
1367
1222
1025
1210
1256
1437
1417
1124
1110
1420
1371
1291
1055
1048
1338
1404
1450
1242
1416
1482
1198
1372
1409
1249
1225
1068
1321
1444
1326
1470
1431
1208
1329
1362
1252
1131
1197
1038
1213
1495
1081
1118
1389
1278
1011
1464
1344
1159
1349
1176
1227
1364
1351
1023
1346
1271
1145
1471
1085
1103
1005
1010
1233
1460
1370
1106
1184
1359
1305
1387
1343
1442
1239
1245
1201
1498
1017
1034
1031
1190
1224
1100
1045
1465
1402
1299
1019
1027
1181
1445
1427
1377
1093
1426
1220
1347
1461
1056
1089
1174
1316
1154
1361
1275
1180
1280
1206
1002
1259
1476
1472
1165
1057
1236
1272
1330
1467
1423
1188
1373
1474
1007
1401
1257
1386
1447
1418
1205
1032
1392
1193
1248
1368
1015
1207
1116
1478
1429
1083
1430
1126
1130
1289
1026
1030
1139
1202
1354
1449
1410
1060
1441
1439
1340
1013
1469
1185
1308
1178
1016
1189
1355
1400
1087
1169
1366
1331
1358
1298
1453
1217
1492
1261
1324
1323
1109
1353
1226
1155
1022
1360
1348
1082
1285
1194
1274
1219
1121
1335
1168
1395
1414
1380
1459
1314
1443
1134
1044
1138
1033
1254
1297
1391
1382
1260
1341
1491
1462
1076
1457
1304
1480
1451
1421
1216
1234
1357
1062
1497
1438
1203
1204
1183
1078
1390
1039
1490
1024
1365
1273
1379
1182
1317
1156
1394
1173
1143
1281
1284
1312
1397
1228
1422
1262
1481
1079
1448
1112
1054
1231
1157
1243
1454
1212
1276
1152
1147
1108
1209
1477
1302
1063
1136
1332
1337
1171
1473
1499
1468
1244
1040
1300
1270
1067
1018
1074
1101
1066
1327
1388
1255
1115
1088
1120
1433
1061
1378
1069
1396
1094
1484
1125
1352
1432
1310
1148
1235
1258
1325
1113
1307
1035
1398
1483
1356
1177
1350
1135
1293
1141
1237
1214
1295
1376
1336
1487
1051
1175
1264
1311
1050
1440
1133
1008
1345
1328
1436
1133
1186
1286
1452
1101
1445
1467
1326
1310
1031
1496
1087
1336
1188
1375
1242
1348
1480
1184
1374
1449
1102
1312
1060
1128
1482
1007
1181
1411
1161
1227
1282
1231
1489
1386
1311
1369
1050
1335
1190
1378
1298
1359
1253
1485
1360
1011
1217
1332
1313
1215
1387
1197
1110
1032
1045
1141
1230
1293
1180
1402
1129
1202
1146
1284
1113
1208
1497
1037
1460
1437
1361
1149
1143
1203
1380
1367
1165
1329
1405
1183
1299
1168
1136
1315
1085
1295
1051
1479
1059
1099
1025
1263
1357
1317
1323
1475
1166
1493
1243
1262
1444
1108
1395
1251
1415
1413
1487
1363
1235
1381
1285
1139
1167
1058
1006
1275
1040
1171
1244
1377
1393
1404
1066
1436
1382
1192
1078
1086
1222
1213
1029
1014
1236
1340
1219
1205
1191
1407
1431
1246
1216
1372
1093
1260
1471
1062
1264
1432
1304
1458
1195
1115
1158
1174
1063
1420
1026
1095
1073
1097
1351
1151
1408
1296
1388
1022
1112
1241
1333
1209
1277
1281
1476
1125
1292
1330
1240
1349
1290
1094
1354
1469
1160
1278
1477
1239
1470
1414
1486
1221
1121
1446
1389
1494
1473
1034
1255
1366
1424
1081
1425
1155
1080
1054
1153
1403
1038
1075
1324
1279
1464
1220
1273
1391
1088
1185
1270
1269
1096
1074
1047
1090
1142
1256
1399
1071
1013
1114
1232
1320
1036
1490
1169
1104
1344
1265
1430
1435
1119
1297
1150
1498
1352
1107
1488
1109
1339
1116
1237
1392
1233
1117
1259
1120
1027
1061
1122
1091
1226
1126
1076
1067
1187
1294
1039
1016
1176
1144
1383
1015
1409
1307
1258
1068
1044
1466
1041
1106
1465
1474
1252
1481
1300
1454
1030
1069
1033
1289
1321
1048
1028
1364
1433
1105
1140
1021
1229
1350
1396
1135
1019
1098
1456
1280
1194
1035
1157
1368
1077
1245
1257
1159
1200
1463
1092
1234
1065
1177
1272
1455
1056
1341
1182
1338
1483
1422
1417
1211
1131
1418
1499
1207
1173
1287
1390
1178
1343
1342
1193
1379
1212
1358
1423
1371
1042
1164
1461
1057
1447
1154
1010
1248
1319
1271
1459
1123
1012
1421
1238
1429
1172
1365
1442
1356
1400
1428
1283
1362
1355
1152
1247
1261
1450
1291
1053
1145
1276
1334
1416
1052
1170
1373
1484
1478
1346
1448
1500
1301
1337
1017
1434
1100
1055
1249
1189
1214
1370
1318
1443
1419
1199
1201
1228
1305
1266
1322
1439
1002
1347
1316
1308
1398
1162
1492
1223
1124
1163
1130
1384
1198
1397
1441
1427
1138
1491
1288
1306
1328
1345
1302
1005
1083
1206
1196
1440
1210
1004
1127
1082
1003
1018
1147
1175
1268
1024
1020
1267
1070
1274
1049
1401
1472
1009
1309
1224
1327
1043
1225
1046
1118
1410
1001
1156
1134
1103
1426
1385
1254
1353
1218
1148
1303
1438
1394
1468
1204
1314
1023
1179
1089
1079
1406
1453
1412
1008
1451
1137
1325
1376
1331
1462
1495
1250
1111
1072
1457
1084
1132
1064
1278
1344
1328
1330
1235
1480
1199
1419
1373
1262
1429
1229
1004
1355
1349
1091
1313
1491
1162
1307
1399
1340
1167
1062
1185
1441
1382
1359
1452
1469
1286
1014
1158
1130
1055
1021
1172
1156
1081
1287
1184
1439
1300
1151
1090
1053
1453
1464
1255
1331
1392
1257
1005
1406
1499
1171
1042
1022
1363
1366
1289
1059
1150
1320
1396
1303
1105
1279
1122
1413
1069
1180
1108
1041
1353
1224
1284
1173
1356
1311
1147
1398
1271
1015
1249
1423
1032
1219
1397
1292
1227
1100
1318
1266
1338
1263
1194
1200
1153
1181
1326
1371
1459
1298
1387
1386
1139
1155
1492
1444
1365
1135
1207
1209
1276
1157
1493
1131
1240
1443
1324
1462
1204
1052
1123
1233
1096
1237
1401
1486
1408
1137
1116
1305
1166
1368
1036
1024
1250
1242
1400
1109
1334
1073
1283
1080
1011
1367
1361
1451
1450
1295
1126
1369
1197
1033
1067
1202
1258
1296
1127
1418
1020
1211
1120
1346
1306
1446
1376
1223
1254
1454
1272
1415
1164
1347
1118
1040
1097
1089
1247
1416
1046
1360
1189
1160
1432
1134
1488
1470
1025
1385
1253
1460
1467
1445
1474
1051
1294
1143
1433
1270
1425
1201
1192
1381
1125
1463
1395
1208
1337
1136
1035
1225
1348
1332
1008
1391
1336
1216
1002
1169
1252
1196
1357
1496
1092
1468
1380
1471
1198
1148
1343
1339
1191
1079
1075
1431
1023
1012
1485
1141
1273
1070
1455
1098
1121
1212
1031
1170
1302
1461
1325
1414
1473
1048
1107
1466
1375
1246
1187
1038
1388
1049
1422
1039
1133
1251
1378
1317
1110
1188
1312
1410
1144
1322
1007
1168
1047
1221
1403
1309
1315
1103
1304
1364
1234
1063
1319
1010
1239
1013
1335
1071
1244
1129
1350
1434
1163
1238
1329
1412
1193
1420
1054
1214
1068
1183
1066
1494
1404
1074
1190
1490
1072
1102
1426
1351
1045
1358
1213
1409
1195
1146
1154
1407
1275
1064
1256
1362
1119
1176
1301
1383
1333
1374
1436
1299
1393
1082
1269
1495
1210
1077
1316
1489
1175
1099
1241
1277
1142
1111
1424
1145
1437
1006
1342
1104
1215
1034
1003
1037
1165
1448
1009
1457
1341
1084
1138
1354
1243
1421
1203
1029
1477
1280
1345
1056
1260
1282
1323
1113
1114
1106
1058
1314
1274
1405
1484
1394
1001
1218
1290
1481
1438
1231
1205
1228
1230
1017
1178
1076
1027
1019
1159
1291
1095
1267
1458
1217
1245
1297
1268
1094
1206
1226
1093
1060
1390
1186
1472
1352
1265
1115
1482
1088
1389
1132
1149
1500
1043
1327
1101
1308
1232
1112
1083
1030
1293
1447
1128
1372
1078
1442
1026
1483
1379
1427
1456
1236
1248
1440
1321
1435
1028
1261
1174
1065
1465
1476
1417
1018
1050
1057
1478
1449
1430
1281
1177
1384
1124
1016
1259
1487
1161
1086
1220
1497
1479
1402
1140
1285
1044
1498
1475
1152
1377
1085
1182
1087
1310
1411
1370
1428
1264
1288
1061
1117
1179
1222
1266
1342
1191
1475
1059
1020
1250
1286
1413
1322
1463
1251
1042
1485
1196
1435
1425
1144
1064
1128
1003
1393
1084
1403
1080
1363
1246
1129
1162
1333
1279
1221
1158
1452
1301
1092
1166
1238
1408
1071
1107
1075
1282
1230
1086
1186
1265
1140
1218
1424
1021
1241
1199
1406
1479
1073
1334
1179
1247
1036
1052
1407
1385
1072
1232
1405
1142
1070
1411
1200
1095
1001
1500
1172
1384
1215
1309
1012
1161
1163
1434
1153
1267
1014
1290
1339
1211
1047
1374
1170
1195
1292
1099
1122
1287
1313
1006
1223
1263
1412
1277
1102
1164
1049
1053
1253
1137
1167
1369
1151
1090
1269
1004
1428
1306
1486
1119
1283
1117
1296
1043
1303
1455
1315
1493
1415
1105
1446
1399
1123
1320
1041
1149
1150
1160
1065
1097
1240
1381
1419
1058
1104
1288
1496
1458
1187
1114
1098
1383
1037
1294
1028
1494
1466
1375
1456
1009
1077
1488
1132
1029
1096
1192
1111
1318
1127
1319
1091
1229
1046
1268
1489
1146
1367
1222
1025
1210
1256
1437
1417
1124
1110
1420
1371
1291
1055
1048
1338
1404
1450
1242
1416
1482
1198
1372
1409
1249
1225
1068
1321
1444
1326
1470
1431
1208
1329
1362
1252
1131
1197
1038
1213
1495
1081
1118
1389
1278
1011
1464
1344
1159
1349
1176
1227
1364
1351
1023
1346
1271
1145
1471
1085
1103
1005
1010
1233
1460
1370
1106
1184
1359
1305
1387
1343
1442
1239
1245
1201
1498
1017
1034
1031
1190
1224
1100
1045
1465
1402
1299
1019
1027
1181
1445
1427
1377
1093
1426
1220
1347
1461
1056
1089
1174
1316
1154
1361
1275
1180
1280
1206
1002
1259
1476
1472
1165
1057
1236
1272
1330
1467
1423
1188
1373
1474
1007
1401
1257
1386
1447
1418
1205
1032
1392
1193
1248
1368
1015
1207
1116
1478
1429
1083
1430
1126
1130
1289
1026
1030
1139
1202
1354
1449
1410
1060
1441
1439
1340
1013
1469
1185
1308
1178
1016
1189
1355
1400
1087
1169
1366
1331
1358
1298
1453
1217
1492
1261
1324
1323
1109
1353
1226
1155
1022
1360
1348
1082
1285
1194
1274
1219
1121
1335
1168
1395
1414
1380
1459
1314
1443
1134
1044
1138
1033
1254
1297
1391
1382
1260
1341
1491
1462
1076
1457
1304
1480
1451
1421
1216
1234
1357
1062
1497
1438
1203
1204
1183
1078
1390
1039
1490
1024
1365
1273
1379
1182
1317
1156
1394
1173
1143
1281
1284
1312
1397
1228
1422
1262
1481
1079
1448
1112
1054
1231
1157
1243
1454
1212
1276
1152
1147
1108
1209
1477
1302
1063
1136
1332
1337
1171
1473
1499
1468
1244
1040
1300
1270
1067
1018
1074
1101
1066
1327
1388
1255
1115
1088
1120
1433
1061
1378
1069
1396
1094
1484
1125
1352
1432
1310
1148
1235
1258
1325
1113
1307
1035
1398
1483
1356
1177
1350
1135
1293
1141
1237
1214
1295
1376
1336
1487
1051
1175
1264
1311
1050
1440
1133
1008
1345
1328
1436
