1867
1524
1523
1482
1555
1857
1669
1559
1773
1452
1627
1695
1398
1663
1339
1756
1330
1179
1508
1799
1771
1385
1892
1944
1881
1618
1403
1670
1567
1081
1650
1608
1386
1754
1116
1003
1083
1099
1748
1365
1193
1044
1675
1266
1122
1626
1464
1680
1354
1630
1960
1126
1475
1798
1274
1087
1356
1030
1203
1519
1856
1588
1914
1822
1818
1890
1058
1968
1291
1611
1307
1557
1261
1981
1288
1308
1387
1700
1471
1541
1871
1092
1500
1113
1639
1819
1205
1809
1100
1998
1221
1358
1651
1146
1111
1711
1197
1863
1315
1841
1688
1973
1232
1885
1182
1836
1646
1309
1728
1435
1166
1199
1303
1623
1733
1662
1749
1587
1468
1548
1119
1010
1405
1132
1976
1624
1009
1712
1946
1333
1995
1114
1741
1781
1503
1970
1637
1159
1553
1925
1329
1802
1059
1495
1207
1994
1583
1135
1921
1406
1595
1407
1492
1617
1610
1067
1525
1390
1443
1069
1614
1977
1772
1815
1516
1849
1196
1163
1285
1480
1602
1306
1814
1549
1793
1496
1629
1345
1129
1774
1255
1762
1590
1304
1788
1022
1202
1678
1764
1331
1440
1244
1935
1777
1694
1801
1318
1121
1517
1740
1838
1040
1828
1361
1916
1201
1685
1927
1844
1759
1005
1181
1265
1381
1176
1732
1515
1794
1218
1791
1463
1696
1852
1729
1919
1971
1314
1032
1743
1895
1222
1941
1958
1581
1677
1462
1923
1231
1326
1237
1562
1052
1439
1758
1485
1167
1806
1370
1107
1817
1334
1561
1216
1219
1546
1019
1502
1292
1283
1276
1118
1177
1124
1173
1908
1208
1165
1708
1660
1154
1211
1787
1340
1983
1130
1837
1144
1428
1263
1344
1878
1366
1993
1035
1511
1017
1776
1200
1966
1768
1699
1086
1300
1884
1807
1313
1648
1537
1373
1536
1188
1792
1020
1753
1653
1241
1956
1808
1029
1375
1364
1478
1400
1294
1572
1184
1028
1594
1721
1726
1845
1359
1730
1542
1138
1346
1054
1311
1239
1751
1214
1396
1420
1457
1158
1078
1245
1233
1543
1666
1692
1534
1972
1560
1251
1191
1445
1667
1109
1689
1377
1813
1422
1706
1682
1812
1576
1151
1305
1430
1286
1053
1141
1491
1036
1275
1865
1391
1332
1859
1796
1521
1270
1959
1997
1427
1674
1317
1446
1996
1180
1897
1433
1529
1247
1722
1860
1117
1782
1564
1605
1556
1752
1172
1498
1397
1659
1065
1690
1512
1051
1582
1190
1296
1928
1367
1272
1142
1465
1455
1686
1805
1770
1545
1704
1008
1645
1264
1483
1734
1965
1904
1079
1378
1910
1038
1538
1411
1830
1661
1872
1432
1301
1269
1933
1248
1551
1876
1603
1415
1409
1064
1999
1991
1906
1843
1156
1253
1097
1584
1454
1579
1570
1290
1975
1848
1707
1984
1152
1021
1001
1393
1183
1094
1962
1746
1072
1210
1607
1831
1170
1619
1399
1596
1217
1826
1120
1238
1043
1866
1350
1225
1074
1823
1526
1414
1236
1187
1942
1573
1924
1509
1563
1073
1014
1719
1066
1893
1484
1037
1115
1426
1550
1840
1101
1155
1697
1249
1408
1090
1013
1063
1580
1632
1899
1091
1765
1597
1714
1372
1206
1951
1544
1738
1419
1461
1532
1622
1947
1625
1568
1930
1985
1820
1731
1647
1716
1589
1018
1395
1591
1717
1093
1371
1723
1672
1963
1476
1077
1961
1761
1178
1048
1902
1490
1665
1050
1342
1106
1295
1612
1785
1938
1223
1472
1336
1744
1412
1901
1800
1057
1599
1990
1658
1056
1198
1060
1858
1649
1631
1795
1228
1328
1376
1102
1839
1655
1347
1209
1466
1104
1654
1974
1131
1727
1157
1778
1709
1652
1684
1150
1739
1488
1797
1474
1137
1424
1615
1127
1505
1351
1552
1234
1442
1950
1816
1569
1417
1279
1289
1530
1868
1604
1506
1076
1911
1882
1024
1229
1750
1105
1145
1870
1641
1586
1033
1638
1742
1874
1302
1640
1715
1528
1323
1601
1725
1705
1394
1437
1416
1735
1522
1192
1047
1786
1338
1835
1352
1418
1298
1834
1864
1280
1980
1504
1082
1327
1404
1724
1613
1477
1349
1341
1185
1909
1186
1779
1125
1763
1379
1267
1042
1319
1084
1900
1531
1643
1425
1954
1810
1891
1937
1913
1855
1268
1343
1252
1644
1887
1783
1049
1804
1088
1964
1128
1473
1148
1085
1456
1982
1671
1324
1089
1494
1389
1136
1312
1676
1710
1388
1628
1258
1161
1489
1593
1821
1423
1451
1277
1369
1513
1969
1259
1634
1149
1068
1316
1888
1575
1577
1766
1920
1147
1533
1493
1103
1918
1679
1832
1486
1926
1600
1850
1873
1470
1355
1668
1194
1254
1460
1501
1547
1760
1620
1747
1453
1940
1691
1520
1989
1284
1230
1353
1153
1952
1967
1811
1789
1429
1481
1458
1011
1896
1441
1636
1479
1642
1023
1949
1507
1189
1140
1246
1045
1745
1002
1585
1322
1851
1880
1907
1444
1096
1929
1195
1348
1769
1070
1240
1736
1635
1257
1062
1847
1574
1681
1565
1449
1869
1578
1827
1755
1987
1143
1160
1862
1310
1598
1917
1894
1321
1368
1633
1931
1012
1262
1955
1879
1992
1031
1558
1293
1098
1803
1518
1767
1335
1256
1713
1571
1360
1664
1780
1039
1656
1384
1362
1592
1235
1363
1829
1055
1212
1877
1720
1883
1007
1487
1095
1383
1945
1621
1854
1213
1164
1431
1110
1299
1539
1015
1224
1108
1775
1297
1139
1006
1566
1401
1273
1026
1169
1320
1436
1061
1134
1260
1027
1174
1374
1948
1846
1912
1325
1034
1413
1337
1939
1459
1227
1535
1497
1853
1282
1046
1702
1953
1784
1242
1986
1447
1171
1824
1514
1402
1905
1123
1510
1540
1527
1434
1112
1915
1469
1693
1175
1687
1168
1790
1683
1499
1934
1204
1075
1287
2000
1133
1609
1943
1271
1936
1162
1757
1380
1737
1978
1392
1071
1673
1450
1382
1698
1215
1861
1833
1004
1421
1250
1616
1842
1701
1554
1278
1041
1226
1898
1606
1438
1448
1703
1016
1922
1467
1889
1281
1979
1357
1243
1903
1080
1875
1025
1220
1657
1825
1718
1988
1886
1410
1957
1932
1330
1539
1155
1675
1392
1874
1239
1679
1354
1797
1557
1229
1488
1978
1745
1740
1734
1394
1924
1174
1616
1857
1384
1273
1841
1935
1318
1950
1023
1251
1172
1856
1680
1442
1064
1570
1614
1499
1662
1453
1958
1620
1195
1800
1424
1618
1141
1596
1487
1812
1966
1240
1136
1592
1404
1215
1249
1276
1922
1892
1441
1070
1009
1481
1546
1143
1180
1100
1517
1915
1303
1692
1722
1860
1523
1231
1382
1728
1038
1334
1524
1942
1775
1117
1214
1774
1897
1529
1657
1475
1925
1723
1460
1083
1255
1542
1770
1485
1305
1259
1338
1941
1101
1999
1486
1699
1683
1670
1061
1069
1753
1279
1099
1438
1118
1363
1676
1167
1586
1300
1799
1703
1149
1855
1350
1365
1289
1947
1248
1747
1272
1823
1471
1243
1637
1671
1250
1560
1192
1006
2000
1014
1211
1631
1793
1571
1817
1536
1931
1362
1577
1294
1653
1013
1909
1253
1024
1954
1201
1668
1646
1004
1612
1355
1391
1502
1893
1822
1309
1878
1548
1669
1076
1936
1388
1145
1129
1635
1785
1169
1326
1297
1623
1919
1569
1422
1598
1285
1995
1732
1476
1934
1933
1895
1494
1920
1094
1901
1890
1457
1347
1501
1531
1665
1578
1065
1082
1648
1515
1742
1139
1894
1359
1720
1625
1265
1181
1851
1372
1601
1956
1852
1976
1114
1661
1632
1917
1463
1588
1366
1873
1210
1735
1994
1027
1821
1462
1033
1226
1912
1257
1042
1832
1185
1025
1975
1378
1987
1672
1088
1949
1573
1376
1751
1483
1513
1351
1323
1246
1111
1115
1148
1153
1310
1344
1731
1091
1838
1026
1496
1278
1896
1203
1695
1329
1134
1696
1537
1313
1633
1074
1968
1826
1357
1829
1621
1986
1948
1730
1436
1636
1970
1204
1200
1274
1794
1572
1007
1020
1819
1037
1580
1087
1039
1121
1667
1398
1225
1869
1034
1304
1526
1611
1678
1967
1461
1133
1123
1031
1375
1835
1584
1232
1194
1579
1767
1803
1166
1982
1518
1349
1902
1319
1854
1916
1953
1805
1865
1261
1322
1053
1105
1079
1191
1905
1080
1425
1619
1008
1903
1687
1713
1011
1010
1610
1049
1825
1566
1926
1491
1152
1132
1107
1717
1379
1435
1993
1162
1645
1777
1377
1001
1649
1406
1479
1907
1275
1280
1929
1581
1409
1444
1507
1302
1142
1165
1315
1748
1218
1383
1981
1073
1044
1015
1256
1268
1564
1736
1466
1212
1371
1651
1726
1815
1644
1689
1227
1161
1711
1035
1260
1419
1096
1932
1698
1395
1022
1834
1219
1664
1574
1792
1562
1085
1370
1884
1789
1658
1171
1756
1492
1421
1267
1591
1512
1979
1220
1811
1706
1470
1393
1002
1270
1244
1813
1036
1484
1718
1879
1135
1385
1727
1307
1183
1758
1686
1627
1908
1124
1859
1263
1429
1423
1055
1182
1216
1428
1364
1342
1402
1605
1472
1168
1290
1317
1786
1503
1534
1757
1622
1098
1881
1119
1519
1197
1930
1997
1019
1128
1199
1945
1899
1808
1816
1390
1217
1590
1348
1555
1057
1292
1724
1514
1996
1946
1782
1445
1058
1415
1977
1198
1710
1480
1543
1685
1766
1551
1331
1103
1527
1343
1043
1565
1448
1352
1802
1086
1369
1544
1549
1738
1233
1516
1927
1911
1077
1990
1882
1848
1299
1795
1769
1412
1944
1784
1593
1887
1469
1914
1763
1016
1532
1030
1160
1416
1650
1325
1538
1550
1962
1849
1230
1413
1691
1961
1642
1511
1493
1600
1401
1207
1266
1208
1991
1067
1988
1059
1254
1306
1224
1640
1454
1827
1806
1528
1762
1433
1068
1177
1788
1719
1213
1335
1264
1092
1235
1809
1271
1056
1754
1312
1750
1957
1700
1964
1701
1437
1940
1617
1403
1833
1321
1939
1641
1876
1603
1340
1973
1126
1158
1628
1861
1886
1041
1206
1164
1062
1844
1705
1663
1739
1904
1630
1898
1553
1843
1116
1647
1888
1830
1984
1721
1353
1170
1186
1414
1862
1780
1965
1568
1764
1561
1998
1328
1320
1554
1431
1405
1048
1558
1411
1541
1277
1189
1682
1960
1783
1089
1737
1846
1589
1196
1434
1654
1078
1154
1066
1702
1459
1175
1286
1021
1613
1525
1693
1497
1003
1938
1358
1327
1952
1443
1955
1308
1690
1447
1432
1615
1509
1674
1845
1506
1418
1974
1137
1773
1113
1052
1839
1744
1150
1864
1677
1608
1836
1156
1159
1473
1906
1108
1451
1604
1489
1238
1652
1188
1420
1104
1474
1293
1743
1824
1283
1187
1840
1018
1284
1875
1563
1656
1337
1765
1157
1071
1552
1408
1281
1567
1928
1054
1609
1236
1870
1339
1521
1368
1374
1084
1729
1130
1410
1867
1850
1228
1818
1269
1639
1709
1258
1889
1287
1607
1556
1787
1190
1847
1655
1980
1417
1776
1332
1681
1333
1871
1624
1144
1772
1050
1477
1746
1697
1467
1151
1814
1324
1992
1311
1120
1110
1179
1427
1585
1380
1140
1759
1959
1090
1446
1634
1684
1880
1464
1831
1820
1708
1804
1341
1868
1242
1386
1468
1547
1336
1900
1781
1715
1602
1828
1725
1125
1122
1449
1127
1660
1047
1430
1176
1367
1373
1863
1234
1498
1752
1262
1866
1500
1356
1063
1400
1397
1505
1755
1209
1029
1771
1626
1594
1910
1540
1798
1520
1885
1106
1883
1490
1779
1989
1202
1361
1296
1559
1778
1495
1184
1716
1005
1028
1606
1576
1456
1178
1595
1482
1282
1533
1707
1963
1097
1221
1972
1458
1877
1223
1837
1597
1712
1102
1360
1450
1921
1913
1741
1173
1440
1891
1040
1288
1937
1858
1051
1237
1749
1545
1399
1046
1530
1426
1673
1060
1075
1522
1643
1714
1659
1346
1951
1032
1455
1193
1504
1381
1587
1478
1575
1095
1969
1109
1694
1853
1943
1301
1796
1985
1017
1247
1163
1316
1842
1733
1045
1923
1147
1872
1298
1112
1138
1790
1241
1081
1810
1666
1599
1583
1761
1452
1407
1704
1245
1801
1146
1807
1072
1345
1760
1535
1291
1295
1131
1688
1205
1918
1093
1983
1629
1791
1508
1012
1465
1439
1314
1638
1582
1971
1222
1389
1768
1252
1510
1387
1396
1220
1979
1483
1760
1008
1280
1248
1370
1091
1317
1946
1719
1049
1660
1628
1244
1006
1968
1608
1020
1992
1886
1187
1550
1159
1663
1677
1833
1867
1063
1570
1389
1268
1862
1016
1988
1589
1871
1242
1549
1474
1342
1283
1089
1262
1027
1588
1469
1613
1879
1996
1637
1087
1893
1715
1441
1437
1651
1866
1828
1975
1156
1532
1375
1215
1793
1945
1390
1107
1600
1927
1039
1658
1480
1512
1989
1334
1165
1625
1537
1485
1447
1046
1457
1655
1422
1312
1747
1910
1647
1766
1841
1579
1478
1487
1561
1423
1890
1877
1029
1176
1237
1629
1522
1683
1853
1548
1320
1084
1018
1372
1745
1932
1249
1654
1671
1154
1540
1899
1670
1558
1075
1743
1141
1340
1014
1331
1333
1881
1775
1266
1002
1531
1252
1900
1606
1243
1947
1408
1687
1198
1504
1151
1498
1136
1501
1955
1779
1798
1488
1675
1224
1838
1710
1309
1891
1144
1287
1304
1544
1260
1108
1073
1948
1777
1350
1153
1817
1704
1820
1582
1322
1234
1004
1898
1230
1028
1443
1721
1270
1830
1357
1421
1269
1573
1764
1585
1319
1022
1471
1707
1665
1631
1077
1508
1125
1081
1356
1494
1124
1277
1468
1724
1845
1680
1855
1396
1604
1053
1813
1346
1052
1139
1503
1336
1618
1908
1695
1523
1876
1722
1170
1240
1486
1984
1799
1311
1816
1829
1659
1407
1298
1578
1952
1644
1626
1844
1878
1672
1920
1530
1150
1518
1208
1426
1594
1515
1231
1305
1042
1694
1442
1232
1734
1394
1790
1897
1256
1167
1185
1576
1801
1361
1197
1601
1326
1791
1934
1807
1344
1534
1045
1788
1556
1666
1741
1840
1216
1048
1467
1273
1584
1875
1691
1994
1782
1293
1222
1275
1772
1264
1856
1709
1557
1160
1966
1462
1379
1174
1321
1119
1977
1007
1214
1137
1284
1347
1023
1163
1567
1852
1529
1281
1894
1612
1366
1445
1115
1657
1923
1059
1412
1752
1846
1596
1050
1869
1865
1826
1854
1190
1315
1371
1105
1206
1030
1247
1716
1958
1438
1044
1040
1416
1145
1365
1883
1633
1296
1236
1278
1516
1774
1711
1873
1378
1449
1580
1380
1985
2000
1974
1859
1290
1060
1436
1491
1419
1211
1093
1630
1189
1717
1915
1642
1477
1536
1161
1880
1636
1349
1328
1351
1433
1374
1261
1181
1497
1246
1705
1850
1748
1907
1418
1971
1982
1686
1941
1554
1070
1127
1094
1951
1870
1024
1383
1188
1470
1083
1648
1664
1526
1543
1720
1076
1395
1017
1940
1388
1169
1935
1796
1591
1843
1587
1674
1914
1411
1143
1553
1599
1729
1640
1961
1605
1454
1490
1581
1289
1653
1192
1999
1726
1036
1318
1539
1420
1643
1995
1282
1184
1097
1359
1431
1836
1780
1327
1424
1902
1489
1925
1595
1175
1499
1792
1800
1794
1937
1916
1673
1399
1003
1294
1034
1285
1085
1713
1757
1887
1082
1132
1079
1669
1387
1913
1901
1809
1345
1235
1401
1950
1259
1768
1011
1166
1823
1789
1149
1938
1678
1919
1616
1465
1204
1933
1956
1835
1763
1742
1712
1848
1021
1858
1903
1649
1250
1510
1785
1032
1414
1086
1552
1546
1263
1058
1201
1205
1325
1377
1439
1928
1157
1767
1696
1620
1131
1959
1339
1133
1484
1849
1432
1071
1212
1267
1373
1513
1065
1146
1010
1773
1068
1352
1255
1472
1385
1481
1693
1403
1571
1147
1885
1098
1943
1805
1714
1703
1778
1177
1288
1832
1814
1611
1109
1354
1681
1033
1221
1527
1949
1179
1114
1511
1874
1037
1797
1301
1381
1987
1099
1825
1749
1274
1313
1251
1921
1448
1330
1597
1699
1847
1733
1762
1054
1332
1645
1019
1195
1728
1753
1203
1746
1803
1545
1804
1233
1650
1369
1217
1641
1473
1080
1970
1142
1837
1072
1276
1300
1842
1496
1690
1043
1744
1122
1012
1700
1402
1005
1682
1194
1619
1936
1861
1417
1118
1460
1500
1565
1583
1152
1922
1954
1808
1227
1056
1429
1821
1520
1096
1960
1038
1519
1525
1427
1013
1962
1590
1535
1969
1120
1906
1410
1400
1451
1404
1692
1406
1635
1638
1475
1559
1831
1078
1095
1617
1182
1055
1117
1409
1015
1824
1895
1688
1834
1113
1931
1904
1755
1851
1668
1624
1314
1967
1067
1784
1026
1776
1458
1228
1575
1466
1736
1180
1750
1892
1358
1860
1602
1623
1770
1528
1155
1514
1101
1257
1362
1953
1812
1609
1737
1446
1622
1482
1173
1386
1517
1168
1577
1450
1047
1676
1896
1917
1541
1735
1413
1329
1164
1524
1384
1434
1102
1819
1679
1942
1533
1603
1134
1957
1348
1453
1754
1245
1202
1382
1299
1684
1555
1121
1786
1547
1444
1009
1740
1981
1863
1538
1563
1759
1983
1730
1223
1213
1051
1001
1802
1963
1652
1104
1456
1253
1367
1112
1405
1632
1839
1286
1872
1761
1335
1128
1756
1138
1614
1461
1162
1210
1997
1238
1911
1783
1178
1905
1200
1493
1509
1662
1771
1795
1110
1241
1126
1123
1415
1924
1827
1723
1708
1560
1302
1353
1116
1103
1219
1598
1702
1980
1393
1064
1239
1615
1739
1452
1061
1781
1090
1574
1364
1926
1376
1909
1566
1698
1324
1701
1993
1088
1140
1479
1918
1106
1435
1397
1806
1621
1225
1430
1459
1391
1568
1292
1667
1226
1593
1193
1218
1769
1135
1440
1990
1158
1758
1425
1196
1572
1310
1207
1464
1272
1455
1368
1964
1689
1765
1066
1271
1986
1731
1171
1398
1041
1062
1586
1725
1129
1428
1229
1818
1291
1306
1627
1495
1639
1857
1199
1307
1810
1864
1888
1965
1100
1944
1308
1111
1505
1718
1506
1355
1186
1884
1303
1337
1295
1341
1392
1889
1148
1822
1297
1991
1706
1732
1502
1343
1025
1929
1976
1868
1978
1092
1882
1279
1930
1542
1787
1592
1323
1316
1569
1646
1172
1973
1697
1972
1258
1564
1738
1031
1634
1338
1727
1811
1998
1069
1074
1815
1507
1363
1607
1685
1209
1661
1265
1130
1939
1057
1254
1035
1562
1183
1912
1191
1463
1751
1360
1610
1476
1656
1551
1521
1492
1263
1073
1821
1288
1696
1654
1189
1937
1892
1133
1284
1968
1682
1863
1904
1291
1162
1897
1691
1389
1185
1574
1179
1446
1669
1395
1552
1589
1661
1642
1851
1695
1978
1878
1036
1261
1729
1952
1298
1980
1022
1839
1161
1819
1929
1651
1677
1370
1663
1961
1596
1461
1627
1909
1256
1194
1959
1230
1918
1169
1334
1029
1098
1488
1079
1200
1177
1946
1509
1903
1016
1504
1220
1799
1534
1526
1065
1621
1139
1898
1028
1905
1301
1243
1604
1347
1271
1379
1947
1782
1066
1310
1811
1015
1203
1375
1130
1658
1447
1771
1176
1515
1083
1910
1716
1004
1151
1249
1713
1056
1495
1686
1100
1546
1561
1836
1629
1300
1906
1537
1922
1673
1436
1890
1434
2000
1211
1226
1775
1784
1600
1038
1742
1738
1559
1103
1857
1341
1671
1005
1628
1848
1523
1725
1187
1805
1257
1114
1412
1511
1459
1525
1752
1666
1071
1116
1512
1184
1521
1757
1842
1885
1197
1425
1381
1456
1840
1626
1508
1499
1323
1343
1702
1440
1295
1143
1567
1592
1443
1774
1608
1645
1779
1030
1758
1539
1244
1309
1616
1102
1720
1372
1213
1494
1090
1063
1437
1700
1981
1867
1790
1457
1668
1887
1769
1406
1466
1957
1222
1718
1797
1219
1159
1814
1099
1128
1798
1035
1278
1818
1687
1755
1728
1862
1810
1232
1739
1269
1320
1846
1053
1351
1044
1104
1463
1721
1643
1707
1024
1845
1049
1060
1506
1091
1297
1660
1458
1876
1171
1886
1828
1823
1265
1496
1633
1529
1240
1932
1832
1199
1637
1785
1329
1303
1064
1385
1634
1841
1893
1856
1912
1264
1327
1450
1710
1662
1426
1338
1880
1010
1995
1471
1084
1760
1941
1646
1612
1807
1566
1236
1135
1136
1533
1101
1345
1773
1989
1126
1147
1123
1142
1743
1018
1568
1290
1827
1749
1025
1124
1751
1986
1815
1674
1021
1281
1972
1920
1560
1667
1570
1586
1569
1795
1460
1046
1945
1421
1593
1701
1217
1982
1874
1394
1057
1258
1562
1619
1428
1793
1746
1160
1954
1367
1732
1117
1996
1524
1882
1376
1122
1074
1178
1493
1107
1138
1650
1583
1218
1490
1975
1417
1833
1921
1350
1409
1076
1610
1690
1881
1148
1167
1497
1573
1183
1082
1304
1726
1397
1118
1041
1231
1318
1554
1641
1424
1873
1435
1321
1704
1402
1901
1034
1708
1601
1012
1282
1363
1248
1624
1353
1679
1715
1078
1276
1427
1272
1709
1623
1464
1391
1850
1208
1974
1783
1735
1055
1027
1364
1944
1655
1093
1374
1040
1316
1086
1141
1186
1614
1670
1475
1344
1172
1095
1672
1419
1723
1519
1966
1936
1277
1144
1431
1254
1482
1266
1002
1357
1014
1315
1153
1618
1536
1237
1195
1549
1181
1620
1480
1048
1155
1531
1520
1088
1292
1530
1260
1582
1478
1639
1781
1422
1433
1812
1756
1429
1019
1940
1174
1366
1849
1984
1369
1193
1359
1894
1866
1648
1865
1745
1420
1360
1943
1883
1543
1314
1470
1188
1676
1215
1545
1585
1165
1538
1590
1622
1923
1580
1605
1293
1182
1625
1067
1319
1398
1540
1489
1380
1356
1342
1267
1556
1681
1613
1498
1454
1900
1058
1999
1070
1106
1950
1383
1225
1242
1787
1112
1938
1273
1719
1202
1665
1127
1373
1697
1416
1916
1516
1834
1976
1210
1137
1043
1688
1483
1399
1891
1963
1527
1868
1062
1683
1348
1411
1059
1051
1835
1907
1156
1871
1229
1201
1736
1652
1609
1724
1032
1094
1296
1603
1548
1598
1714
1349
1761
1246
1486
1792
1294
1120
1472
1911
1788
1949
1858
1861
1069
1009
1928
1408
1502
1644
1964
1971
1522
1192
1711
1285
1479
1449
1368
1085
1611
1164
1500
1228
1664
1473
1358
1481
1355
1913
1535
1077
1988
1927
1011
1977
1675
1584
1362
1678
1555
1958
1551
1346
1400
1754
1824
1965
1505
1149
1987
1939
1325
1693
1953
1924
1396
1597
1992
1699
1507
1196
1838
1657
1462
1311
1914
1899
1577
1050
1558
1191
1163
1973
1354
1786
1031
1705
1853
1768
1119
1414
1640
1352
1445
1631
1741
1017
1003
1717
1286
1712
1649
1423
1092
1305
1180
1960
1772
1158
1884
1817
1967
1501
1547
1150
1432
1826
1747
1270
1951
1274
1020
1979
1778
1917
1442
1588
1110
1252
1563
1800
1731
1780
1740
1006
1448
1134
1173
1859
1484
1253
1336
1113
1998
1322
1438
1247
1441
1791
1245
1317
1415
1591
1047
1403
1096
1615
1289
1075
1239
1575
1594
1485
1206
1204
1617
1706
1632
1045
1934
1089
1635
1224
1829
1931
1125
1001
1492
1991
1993
1606
1763
1750
1766
1733
1152
1764
1008
1268
1607
1131
1042
1469
1330
1557
1013
1037
1175
1879
1388
1864
1822
1452
1698
1694
1794
1796
1825
1802
1378
1659
1564
1587
1877
1843
1382
1087
1550
1854
1744
1308
1896
1517
1528
1919
1765
1306
1140
1860
1154
1514
1039
1518
1235
1212
1007
1837
1804
1870
1418
1767
1888
1789
1405
1227
1170
1190
1371
1544
1647
1703
1844
1983
1565
1734
1241
1390
1777
1430
1259
1990
1121
1275
1280
1465
1205
1875
1476
1869
1413
1209
1455
1129
1299
1955
1727
1111
1935
1337
1324
1250
1287
1692
1532
1813
1216
1333
1198
1636
1762
1808
1097
1068
1214
1852
1302
1542
1410
1444
1776
1969
1335
1157
1387
1576
1571
1340
1115
1770
1467
1081
1510
1722
1061
1581
1365
1847
1579
1223
1439
1072
1255
1889
1491
1392
1737
1970
1803
1331
1307
1453
1962
1685
1054
1339
1080
1948
1238
1956
1401
1168
1759
1942
1816
1553
1748
1902
1872
1602
1262
1806
1033
1656
1377
1026
1926
1105
1234
1108
1638
1474
1328
1109
1361
1283
1451
1801
1233
1630
1404
1513
1997
1925
1820
1994
1689
1313
1221
1809
1207
1830
1831
1279
1393
1595
1386
1023
1915
1684
1572
1855
1487
1653
1541
1166
1384
1503
1730
1146
1468
1599
1578
1753
1908
1985
1895
1145
1132
1052
1312
1477
1251
1933
1332
1326
1407
1680
1930
1770
1388
1786
1429
1724
1567
1220
1809
1176
1117
1213
1129
1574
1156
1792
1831
1610
1041
1870
1992
1501
1402
1561
1581
1302
1987
1092
1718
1292
1464
1861
1613
1174
1260
1905
1832
1845
1209
1954
1012
1306
1749
1756
1527
1552
1478
1986
1700
1411
1191
1942
1348
1572
1082
1452
1953
1570
1521
1555
1351
1031
1126
1291
1657
1227
1002
1655
1353
1218
1341
1155
1315
1990
1866
1094
1474
1699
1180
1367
1065
1169
1195
1365
1205
1471
1774
1741
1086
1480
1896
1638
1677
1907
1849
1833
1181
1498
1120
1865
1003
1940
1134
1915
1871
1160
1148
1006
1651
1626
1284
1820
1224
1158
1707
1796
1941
1971
1007
1824
1198
1706
1623
1377
1399
1310
1606
1522
1268
1233
1072
1250
1342
1889
1074
1632
1621
1343
1229
1465
1837
1563
1605
1918
1891
1997
1660
1103
1066
1512
1598
1124
1558
1287
1295
1615
1495
1255
1929
1448
1520
1112
1828
1186
1345
1016
1821
1812
1892
1327
1385
1903
1489
1635
1862
1595
1826
1556
1350
1573
1301
1946
1585
1711
1414
1407
1728
1838
1446
1412
1798
1680
1906
1884
1336
1329
1258
1877
1818
1791
1734
1710
1023
1589
1754
1731
1296
1674
1564
1538
1772
1223
1330
1744
1090
1670
1988
1149
1690
1485
1840
1316
1671
1425
1436
1732
1070
1793
1438
1645
1201
1305
1096
1910
1721
1143
1443
1867
1996
1208
1052
1344
1694
1745
1433
1763
1266
1981
1930
1386
1311
1391
1009
1219
1835
1088
1898
1039
1979
1159
1725
1751
1373
1119
2000
1317
1222
1419
1947
1046
1933
1569
1982
1496
1785
1976
1687
1924
1170
1147
1280
1488
1753
1794
1215
1289
1376
1616
1477
1911
1776
1782
1545
1854
1197
1188
1642
1281
1535
1154
1335
1810
1917
1396
1042
1894
1043
1401
1991
1406
1597
1530
1100
1790
1337
1095
1004
1736
1509
1077
1938
1973
1163
1713
1750
1634
1369
1777
1801
1554
1040
1109
1972
1285
1357
1534
1717
1853
1551
1769
1013
1860
1542
1332
1802
1780
1733
1698
1872
1257
1868
1740
1463
1054
1631
1914
1424
1370
1294
1560
1709
1326
1815
1665
1366
1603
1468
1617
1314
1876
1691
1368
1374
1203
1636
1383
1795
1507
1685
1397
1430
1814
1283
1858
1200
1999
1601
1123
1528
1945
1559
1360
1071
1514
1237
1061
1768
1421
1413
1755
1504
1516
1505
1137
1689
1444
1331
1618
1278
1950
1549
1184
1192
1356
1943
1704
1371
1539
1672
1644
1426
1432
1625
1523
1238
1482
1093
1486
1553
1282
1827
1408
1333
1664
1199
1212
1857
1462
1965
1177
1784
1513
1816
1511
1739
1104
1695
1249
1053
1622
1130
1178
1063
1164
1985
1241
1400
1029
1909
1600
1693
1091
1256
1926
1245
1647
1684
1101
1056
1688
1153
1193
1328
1162
1614
1586
1758
1441
1475
1571
1787
1541
1389
1966
1836
1026
1944
1519
1720
1216
1830
1518
1340
1702
1252
1611
1231
1783
1715
1577
1062
1270
1995
1051
1084
1524
1044
1529
1543
1251
1726
1951
1963
1015
1607
1757
1146
1110
1878
1299
1230
1323
1494
1764
1375
1591
1686
1409
1807
1099
1037
1797
1515
1526
1761
1055
1453
1085
1459
1202
1372
1309
1499
1334
1395
1293
1683
1246
1882
1228
1236
1058
1008
1125
1303
1194
1729
1390
1080
1517
1491
1800
1349
1460
1658
1451
1108
1977
1035
1059
1848
1011
1440
1050
1492
1415
1404
1456
1806
1888
1974
1359
1010
1537
1939
1361
1434
1111
1076
1575
1078
1778
1021
1151
1799
1324
1557
1628
1079
1640
1121
1435
1874
1811
1969
1225
1730
1242
1804
1766
1506
1588
1445
1970
1234
1131
1532
1859
1994
1842
1719
1269
1416
1244
1364
1232
1652
1752
1276
1908
1678
1321
1166
1923
1259
1637
1666
1114
1473
1932
1157
1620
1461
1182
1030
1813
1819
1142
1381
1490
1771
1760
1582
1355
1850
1300
1789
1014
1922
1141
1380
1346
1083
1113
1508
1005
1472
1165
1487
1880
1206
1808
1936
1834
1319
1653
1886
1253
1262
1307
1138
1863
1650
1437
1667
1803
1439
1500
1298
1466
1722
1427
1447
1584
1027
1705
1900
1587
1067
1648
1449
1358
1935
1964
1263
1609
1781
1825
1152
1767
1089
1226
1049
1883
1599
1608
1271
1098
1912
1393
1948
1742
1681
1127
1175
1387
1968
1001
1187
1958
1140
1454
1455
1457
1633
1036
1673
1887
1097
1682
1879
1318
1304
1214
1949
1144
1470
1548
1339
1899
1297
1275
1998
1612
1025
1267
1578
1952
1286
1190
1211
1920
1312
1576
1955
1428
1630
1481
1701
1931
1593
1928
1566
1983
1568
1045
1864
1379
1579
1547
1604
1624
1536
1562
1265
1420
1788
1057
1823
1531
1150
1533
1921
1132
1261
1692
1925
1851
1978
1189
1133
1855
1410
1081
1975
1723
1075
1902
1822
1467
1875
1047
1659
1347
1594
1546
1775
1716
1627
1676
1540
1960
1544
1901
1748
1354
1210
1483
1217
1639
1171
1565
1712
1708
1136
1405
1384
1382
1288
1019
1703
1073
1135
1596
1338
1394
1839
1743
1469
1352
1852
1398
1020
1881
1873
1235
1087
1503
1107
1322
1629
1032
1510
1247
1418
1038
1885
1378
1274
1105
1064
1018
1139
1022
1122
1765
1927
1069
1904
1423
1846
1829
1841
1805
1403
1243
1747
1916
1679
1697
1422
1273
1028
1654
1161
1675
1221
1989
1173
1737
1869
1656
1102
1580
1844
1890
1817
1363
1196
1762
1590
1779
1893
1442
1493
1714
1118
1048
1167
1592
1735
1937
1773
1961
1746
1583
1643
1024
1993
1128
1661
1290
1550
1248
1313
1980
1106
1254
1277
1168
1034
1641
1060
1956
1619
1239
1145
1895
1738
1957
1325
1392
1913
1185
1204
1279
1068
1856
1450
1843
1759
1033
1272
1431
1183
1207
1897
1847
1984
1417
1116
1967
1662
1727
1476
1669
1919
1179
1668
1525
1458
1172
1934
1649
1602
1017
1696
1484
1362
1264
1962
1502
1497
1308
1320
1663
1959
1479
1115
1240
1646
1862
1876
1069
1313
1761
1629
1373
1392
1917
1400
1690
1714
1594
1613
1403
1946
1747
1904
1447
1440
1473
1683
1684
1279
1201
1096
1694
1962
1770
1851
1270
1113
1081
1895
1303
1515
1794
1218
1190
1901
1042
1513
1236
1738
1880
1323
1765
1271
1367
1293
1858
1864
1896
1135
1119
1390
1641
1292
1696
1458
1043
1423
1322
1837
1734
1547
1705
1317
1538
1288
1246
1112
1156
1391
1018
1821
1592
1393
1939
1745
1030
1814
1214
1824
1479
1328
1380
1612
1797
1009
1795
1139
1899
1614
1472
1151
1852
1070
1509
1789
1967
1990
1483
1704
1215
1985
1386
1324
1878
1887
1039
1199
1155
1289
1378
1059
1787
1934
1840
1989
1484
1517
1028
1817
1230
1945
1083
1947
1374
1952
1148
1648
1362
1226
1048
1767
1655
1588
1118
1689
1210
1799
1104
1066
1396
1394
1438
1654
1076
1853
1831
1338
1408
1755
1180
1608
1522
1983
1453
1646
1845
1559
1514
1116
1518
1468
1883
1343
1224
1027
1287
1443
1123
1566
1106
1267
1339
1221
1784
1671
1406
1149
1176
1620
1131
1835
1503
1583
1525
1736
1008
1833
1395
1669
1208
1143
1257
1866
1142
1291
1739
1596
1259
1399
1184
1850
1773
1676
1429
1760
1861
1448
1385
1703
1906
1631
1716
1610
1528
1475
1825
1666
1166
1644
1050
1355
1643
1793
1585
1811
1297
1032
1015
1079
1349
1968
1249
1757
1038
1054
1369
1762
1452
1756
1204
1282
1551
1565
1427
1168
1607
1026
1025
1740
1091
1436
1077
1801
1897
1719
1779
1785
1389
2000
1923
1264
1907
1627
1541
1090
1539
1545
1601
1812
1909
1382
1695
1154
1462
1980
1405
1943
1798
1530
1101
1788
1623
1239
1191
1731
1981
1266
1992
1938
1665
1867
1260
1115
1500
1172
1780
1183
1138
1352
1955
1153
1915
1064
1245
1213
1493
1898
1579
1759
1686
1803
1598
1146
1073
1922
1381
1120
1031
1711
1502
1908
1185
1019
1084
1805
1810
1202
1467
1037
1975
1012
1537
1621
1370
1110
1808
1194
1365
1095
1300
1001
1882
1597
1261
1638
1089
1796
1376
1568
1432
1242
1469
1247
1717
1750
1280
1461
1872
1231
1335
1820
1306
1302
1240
1574
1372
1673
1301
1727
1383
1034
1205
1346
1426
1340
1675
1532
1996
1337
1446
1593
1902
1336
1702
1269
1277
1984
1197
1991
1625
1573
1834
1748
1364
1263
1398
1384
1979
1316
1209
1501
1556
1444
1494
1806
1159
1067
1958
1611
1422
1476
1433
1571
1075
1536
1900
1351
1668
1725
1358
1235
1111
1763
1402
1697
1973
1442
1688
1997
1871
1299
1170
1652
1189
1414
1519
1635
1783
1581
1970
1173
1251
1495
1667
1950
1587
1564
1582
1846
1463
1428
1102
1244
1953
1134
1949
1722
1986
1477
1619
1645
1094
1926
1606
1659
1842
1660
1265
1994
1733
1890
1628
1672
1752
1691
1413
1490
1464
1562
1108
1933
1553
1454
1281
1661
1639
1348
1927
1283
1942
1685
1252
1445
1723
1186
1649
1058
1542
1778
1670
1132
1459
1870
1768
1488
1995
1114
1508
1460
1487
1074
1035
1633
1228
1534
1657
1729
1616
1848
1482
1424
1152
1965
1098
1775
1839
1353
1658
1575
1804
1656
1330
1507
1036
1954
1948
1047
1937
1693
1347
1815
1558
1033
1932
1929
1524
1499
1107
1828
1865
1662
1105
1016
1584
1489
1455
1678
1679
1207
1807
1819
1580
1044
1017
1636
1529
1212
1713
1478
1290
1809
1253
1158
1421
1020
1011
1721
1526
1624
1504
1749
1744
1435
1777
1512
1255
1732
1827
1561
1868
1029
1498
1057
1344
1005
1913
1632
1045
1360
1258
1742
1136
1754
1305
1511
1357
1128
1751
1237
1510
1854
1417
1192
1707
1894
1618
1921
1879
1169
1841
1999
1826
1626
1772
1014
1063
1278
1216
1903
1856
1486
1776
1211
1319
1052
1276
1891
1007
1506
1677
1919
1877
1918
1345
1708
1554
1998
1354
1710
1181
1387
1758
1605
1274
1238
1167
1342
1401
1576
1746
1802
1055
1578
1682
1171
1485
1451
1527
1420
1410
1728
1404
1977
1415
1792
1836
1830
1591
1272
1125
1150
1557
1753
1233
1147
1928
1523
1093
1595
1250
1456
1599
1051
1137
1375
1615
1109
1957
1308
1911
1350
1327
1650
1535
1318
1309
1121
1087
1492
1086
1006
1304
1222
1296
1481
1416
1419
1298
1397
1206
1314
1603
1549
1388
1543
1963
1800
1285
1961
1935
1163
1737
1544
1769
1570
1663
1056
1971
1219
1175
1220
1466
1520
1698
1653
1781
1145
1718
1203
1960
1062
1122
1701
1832
1987
1860
1223
1859
1100
1589
1022
1126
1379
1681
1178
1892
1577
1434
1310
1254
1449
1706
1969
1144
1124
1863
1193
1974
1700
1217
1320
1325
1071
1023
1040
1567
1941
1165
1232
1065
1533
1412
1187
1786
1341
1160
1295
1764
1642
1273
1331
1680
1003
1359
1712
1127
1630
1531
1182
1407
1959
1912
1480
1976
1286
1256
1602
1409
1013
1195
1888
1720
1741
1889
1004
1730
1916
1735
1972
1881
1966
1321
1930
1157
1092
1978
1931
1855
1823
1088
1982
1377
1439
1085
1940
1174
1366
1268
1294
1164
1709
1162
1177
1521
1988
1816
1307
1634
1078
1874
1227
1430
1637
1590
1418
1049
1951
1905
1743
1774
1873
1425
1450
1082
1936
1060
1431
1869
1886
1875
1884
1687
1248
1920
1241
1857
1548
1002
1117
1993
1363
1600
1200
1262
1497
1893
1849
1540
1161
1080
1225
1724
1829
1129
1196
1097
1041
1021
1651
1791
1130
1555
1766
1586
1782
1099
1356
1715
1332
1457
1560
1609
1640
1813
1061
1411
1925
1234
1699
1622
1471
1284
1326
1552
1329
1910
1838
1315
1505
1275
1822
1368
1790
1046
1956
1179
1334
1243
1470
1072
1465
1474
1914
1141
1188
1664
1333
1133
1572
1441
1491
1726
1371
1847
1964
1496
1604
1569
1361
1674
1546
1844
1550
1818
1437
1944
1229
1010
1617
1885
1692
1843
1198
1563
1771
1647
1103
1024
1312
1053
1068
1516
1140
1311
1924
1025
1603
1465
1508
1869
1943
1161
1176
1659
1958
1141
1321
1566
1364
1626
1608
1063
1417
1895
1152
1492
1212
1534
1437
1732
1638
1916
1484
1065
1367
1770
1870
1641
1004
1446
1421
1687
1839
1629
1185
1412
1304
1183
1813
1138
1290
1496
1354
1247
1703
1136
1531
1419
1186
1932
1686
1896
1390
1605
1863
1532
1060
1124
1415
1858
1669
1296
1518
1558
1230
1329
1675
1089
1691
1458
1297
1408
1117
1107
1061
1482
1332
1188
1207
1192
1366
1696
1855
1991
1599
1933
1730
1377
1640
1939
1992
1145
1355
1208
1168
1525
1171
1787
1263
1019
1301
1836
1210
1562
1860
1243
1487
1900
1594
1587
1809
1393
1617
1573
1119
1069
1981
1655
1593
1405
1282
1456
1427
1973
1166
1110
1555
1680
1520
1237
1516
1153
1277
1875
1552
1515
1035
1661
1956
1358
1032
1538
1791
1387
1651
1907
1116
1565
1146
1361
1398
1763
1469
1940
1873
1051
1050
1891
1223
1582
1196
1041
1074
1955
1165
1268
1244
1969
1409
1369
1826
1980
1442
1604
1298
1921
1044
1382
1021
1026
1115
1130
1995
1936
1399
1420
1734
1557
1194
1690
1068
1852
1670
1480
1959
1209
1455
1810
1795
1953
1227
1764
1380
1018
1523
1975
1506
1851
1893
1046
1824
1105
1983
1620
1478
1270
1829
1326
1457
1317
1462
1688
1643
1260
1181
1792
1376
1034
1017
1142
1701
1781
1868
1710
1150
1080
1253
1652
1224
1201
1972
1544
1614
1005
1736
1533
1968
1779
1612
1486
1122
1431
1217
1799
1002
1221
1832
1112
1175
1636
1642
1204
1137
1861
1997
1157
1529
1311
1657
1220
1849
1542
1918
1727
1681
1345
1905
1031
1154
1927
1441
1586
1058
1353
1571
1805
1460
1129
1470
1453
1318
1283
1694
1066
1024
1333
1238
1312
1463
1090
1513
1723
1625
1718
1391
1598
1884
1925
1385
1255
1471
1719
1189
1575
1163
1801
1639
1306
1707
1392
1151
1214
1368
1027
1772
1401
1003
1288
1990
1216
1988
1987
1076
1091
1013
1015
1428
1677
1285
1483
1818
1572
1240
1414
1998
1568
1170
1404
1481
1692
1737
1262
1583
1811
1607
1564
1559
1443
1289
1249
1279
1085
1100
1537
1324
1177
1231
1724
1785
1459
1248
1452
1494
1218
1748
1425
1761
1132
1731
1750
1094
1814
1616
1199
1645
1225
1623
1113
1101
1535
1753
1780
1077
1375
1941
1917
1239
1156
1606
1757
1914
1274
1169
1280
1314
1396
1749
1840
1889
1162
1615
1549
1705
1083
1825
1595
1254
1556
1464
1960
1436
1923
1735
1695
1033
1619
1342
1472
1630
1098
1114
1554
1862
1822
1507
1498
1745
1488
1994
1228
1722
1082
1104
1020
1357
1551
1106
1786
1447
1797
1045
1009
1756
1957
1689
1205
1885
1012
1014
1771
1477
1121
1057
1728
1173
1754
1967
1155
1915
1232
1545
1322
1438
1229
1929
1433
1350
1777
1541
1271
1047
1527
1714
1395
1305
1589
1951
1660
1834
1473
1600
1340
1717
1319
1553
1120
1602
1424
1888
1644
1052
1970
1359
1963
1028
1894
1341
1782
1789
1610
1108
1315
1857
1611
1751
1561
1448
1182
1949
1898
1874
1550
1984
1712
1803
1307
1236
1159
1323
1807
1842
1673
1759
1942
1528
1989
1037
1637
1362
1711
1416
1042
1475
1294
1397
1702
1310
1993
1519
1514
1850
1906
1079
1762
1300
1522
1743
1878
1022
1284
1043
1683
1882
1577
1871
1053
1618
1911
1733
1402
1313
1234
1678
1007
1352
1892
1930
1158
1947
1501
1713
1685
1700
1054
1430
1647
1876
1233
1096
1585
1738
1646
1649
1039
1038
1872
1320
1450
1664
1578
1123
1546
1335
1901
1966
1926
1147
1131
1802
1149
1747
2000
1833
1666
1704
1978
1267
1316
1400
1913
1844
1503
1800
1467
1758
1426
1143
1679
1909
1178
1841
1883
1729
1837
1971
1827
1273
1394
1111
1064
1081
1440
1187
1272
1776
1505
1999
1276
1346
1938
1773
1886
1252
1193
1708
1502
1601
1468
1413
1338
1613
1778
1418
1945
1180
1848
1621
1931
1934
1790
1363
1097
1109
1422
1040
1206
1242
1974
1309
1864
1584
1200
1634
1164
1765
1576
1373
1049
1011
1948
1461
1139
1378
1767
1904
1126
1103
1812
1511
1746
1808
1160
1286
1769
1672
1667
1134
1588
1495
1693
1088
1950
1278
1235
1504
1976
1190
1295
1444
1184
1806
1665
1485
1793
1509
1275
1964
1356
1056
1596
1856
1256
1517
1490
1411
1479
1794
1127
1241
1540
1386
1195
1543
1684
1454
1952
1226
1739
1140
1261
1303
1384
1547
1023
1890
1768
1500
1965
1798
1287
1001
1590
1788
1631
1946
1246
1720
1977
1087
1622
1125
1344
1251
1526
1072
1016
1570
1266
1371
1865
1070
1912
1774
1944
1752
1219
1866
1597
1410
1067
1979
1334
1867
1650
1135
1835
1698
1264
1006
1910
1293
1845
1903
1370
1493
1536
1403
1682
1935
1071
1092
1445
1291
1198
1339
1567
1075
1328
1591
1709
1819
1451
1961
1635
1499
1796
1435
1347
1434
1830
1838
1740
1521
1706
1215
1372
1213
1211
1744
1327
1922
1489
1510
1144
1348
1783
1167
1668
1202
1821
1439
1365
1512
1715
1985
1336
1766
1574
1548
1008
1569
1432
1449
1899
1497
1269
1343
1148
1029
1429
1466
1671
1881
1902
1036
1897
1632
1325
1133
1048
1919
1924
1360
1954
1633
1349
1674
1725
1854
1379
1383
1059
1662
1423
1937
1099
1654
1563
1203
1084
1726
1078
1784
1887
1877
1656
1699
1337
1859
1648
1742
1823
1920
1118
1775
1697
1265
1250
1755
1624
1820
1258
1351
1908
1524
1381
1721
1257
1658
1245
1816
1741
1086
1095
1474
1879
1388
1222
1627
1815
1846
1828
1653
1628
1853
1102
1804
1560
1831
1128
1179
1330
1093
1760
1299
1281
1581
1716
1010
1982
1073
1817
1491
1476
1331
1055
1847
1406
1062
1191
1880
1292
1580
1259
1928
1197
1609
1579
1986
1030
1592
1539
1996
1374
1172
1389
1530
1174
1962
1676
1843
1308
1663
1302
1407
1165
1528
1623
1370
1184
1971
1526
1088
1611
1967
1677
1887
1576
1255
1657
1713
1684
1310
1345
1662
1111
1729
1964
1930
1260
1160
1177
1498
1083
1333
1909
1878
1622
1518
1739
1959
1840
1884
1834
1806
1822
1719
1923
1142
1007
1456
1530
1602
1552
1980
1117
1462
1829
1999
1036
1586
1309
1228
1816
1318
1290
1936
1001
1008
1484
1325
1810
1328
1581
1708
1599
1702
1975
1264
1398
1296
1839
1523
1972
1151
1475
1030
1789
1634
1189
1020
1585
1332
1706
1468
1830
1843
1533
1127
1308
1423
1343
1204
1150
1988
1696
1660
1947
1216
1064
1937
1505
1220
1277
1998
1028
1763
1500
1860
1537
1230
1557
1695
1147
1935
1240
1820
1724
1594
1857
1003
1916
1439
1496
1139
1261
1993
1641
1441
1159
1381
1326
1615
1491
1382
1925
1322
1021
1803
1337
1128
1807
1294
1180
1808
1952
1467
1995
1275
1701
1620
1728
1589
1987
1176
1215
1336
1842
1818
1715
1504
1365
1612
1158
1795
1138
1970
1422
1956
1443
1120
1033
1773
1323
1819
1477
1493
1901
1920
1046
1540
1044
1440
1950
1714
1068
1880
1125
1902
1268
1106
1877
1669
1188
1156
1480
1973
1688
1722
1065
1472
1404
1531
1013
1043
1642
1049
1690
1446
1572
1489
1458
1693
1144
1313
1614
1023
1444
1940
1254
1664
1833
1817
1919
1182
1769
1075
1226
1762
1918
1694
1072
1300
1405
1056
1718
1263
1299
1203
1590
1303
1155
1253
1619
1324
1272
1890
1289
1250
1331
1114
1284
1223
1774
1551
1742
1838
1282
1406
1846
1568
1132
1119
1699
1259
1862
1922
1525
1539
1242
1992
1029
1348
1314
1910
1011
1550
1782
1532
1933
1905
1115
1078
1573
1501
1109
1651
1307
1051
1882
1199
1583
1752
1566
1485
1329
1740
1994
1544
1090
1780
1339
1978
1453
1564
1951
1087
1066
1209
1616
1356
1368
1050
1351
1913
1974
1879
1433
1311
1960
1224
1045
1741
1655
1408
1996
1248
1527
1736
1411
1407
1479
1734
1426
1247
1703
1245
1375
1293
1047
1969
1118
1146
1761
1149
1451
1464
1154
1346
1543
1656
1748
1921
1772
1520
1524
1225
1625
1153
1556
1278
1265
1689
1481
1629
1244
1731
1399
1646
1661
1949
1648
1747
1281
1371
1172
1831
1654
1712
1961
1563
1908
1799
1100
1442
1419
1750
1536
1483
1640
1134
1804
1678
1858
1516
1486
1900
1236
1871
1507
1986
1738
1401
1107
1429
1473
1116
1899
1605
1436
1754
2000
1098
1364
1542
1755
1787
1335
1459
1269
1402
1285
1837
1267
1638
1571
1373
1883
1094
1981
1175
1962
1387
1354
1397
1666
1647
1753
1793
1652
1888
1145
1904
1022
1396
1867
1895
1211
1183
1167
1588
1635
1997
1835
1317
1080
1765
1362
1292
1418
1355
1851
1246
1814
1015
1790
1455
1658
1587
1607
1601
1492
1990
1141
1476
1104
1213
1944
1746
1229
1865
1084
1672
1938
1055
1038
1391
1876
1788
1073
1315
1170
1606
1598
1187
1924
1776
1227
1053
1016
1668
1670
1052
1897
1675
1502
1771
1856
1779
1004
1163
1691
1283
1732
1393
1494
1126
1861
1009
1631
1232
1316
1617
1983
1886
1243
1798
1093
1859
1454
1152
1671
1968
1378
1376
1085
1048
1031
1197
1700
1797
1403
1063
1287
1140
1665
1608
1340
1306
1841
1131
1639
1794
1915
1911
1219
1792
1977
1591
1447
1206
1108
1570
1538
1593
1148
1628
1077
1092
1894
1979
1239
1514
1367
1506
1060
1121
1893
1963
1815
1848
1575
1764
1305
1906
1802
1758
1321
1383
1099
1205
1934
1320
1427
1659
1448
1025
1697
1853
1157
1673
1991
1687
1466
1276
1580
1358
1562
1547
1319
1361
1768
1409
1676
1097
1885
1644
1124
1825
1435
1091
1613
1535
1512
1891
1421
1553
1827
1174
1129
1578
1510
1632
1202
1110
1291
1596
1041
1071
1222
1191
1302
1288
1377
1604
1592
1058
1452
1037
1181
1428
1237
1173
1024
1618
1214
1482
1201
1517
1567
1548
1914
1847
1577
1872
1413
1347
1985
1062
1704
1034
1521
1437
1756
1791
1709
1061
1057
1809
1210
1723
1522
1889
1434
1258
1273
1161
1716
1414
1852
1545
1733
1105
1946
1989
1295
1270
1350
1643
1821
1823
1955
1931
1705
1164
1032
1650
1297
1630
1737
1417
1123
1218
1957
1710
1366
1385
1330
1534
1892
1279
1196
1166
1241
1767
1945
1637
1463
1674
1561
1663
1653
1059
1460
1692
1811
1074
1932
1828
1369
1234
1717
1040
1400
1338
1070
1113
1751
1386
1195
1344
1720
1298
1221
1002
1005
1778
1470
1420
1509
1026
1133
1430
1682
1627
1208
1569
1864
1200
1898
1252
1559
1395
1449
1727
1054
1784
1766
1010
1621
1680
1478
1785
1042
1546
1519
1681
1683
1555
1844
1874
1513
1238
1800
1212
1511
1327
1190
1352
1685
1845
1770
1907
1812
1445
1089
1198
1039
1112
1457
1372
1870
1101
1359
1600
1941
1801
1869
1168
1796
1743
1649
1749
1679
1565
1384
1416
1079
1081
1461
1597
1076
1515
1169
1410
1855
1137
1781
1035
1474
1162
1389
1775
1018
1257
1582
1415
1942
1192
1392
1928
1721
1686
1698
1469
1363
1488
1231
1334
1256
1549
1067
1286
1826
1953
1926
1194
1954
1824
1271
1633
1432
1541
1730
1179
1465
1529
1353
1759
1503
1624
1849
1636
1836
1873
1069
1965
1813
1017
1725
1508
1490
1014
1881
1102
1425
1497
1471
1438
1233
1863
1379
1171
1495
1390
1896
1875
1667
1560
1431
1249
1610
1394
1574
1626
1984
1349
1374
1262
1726
1558
1380
1711
1903
1786
1360
1266
1757
1958
1136
1304
1866
1609
1019
1917
1193
1579
1388
1554
1251
1012
1086
1235
1595
1805
1832
1982
1735
1966
1006
1143
1584
1357
1185
1301
1645
1450
1341
1603
1207
1854
1103
1095
1868
1707
1312
1135
1783
1939
1412
1096
1424
1744
1274
1186
1777
1929
1948
1927
1850
1027
1912
1760
1280
1499
1178
1082
1487
1943
1976
1130
1342
1217
1122
1745
1549
1091
1410
1449
1638
1986
1400
1515
1061
1107
1710
1961
1023
1908
1163
1073
1155
1239
1573
1327
1803
1956
1763
1404
1905
1227
1796
1888
1797
1606
1863
1884
1465
1990
1656
1609
1626
1926
1676
1531
1588
1125
1436
1257
1119
1694
1518
1025
1026
1993
1795
1166
1090
1254
1859
1352
1927
1919
1496
1882
1311
1829
1523
1804
1925
1958
1929
1192
1225
1877
1786
1318
1879
1070
1471
1581
1801
1912
1921
1421
1494
1116
1637
1828
1021
1273
1716
1651
1109
1324
1112
1546
1356
1500
1286
1752
1447
1040
1489
1223
1242
1101
1893
1001
1477
1066
1224
1470
1094
1632
1394
1885
1054
1325
1755
1300
1899
1413
1326
1976
1726
1975
1022
1481
1697
1144
1756
1834
1002
1184
1883
1830
1407
1965
1130
1359
1666
1533
1216
1631
1839
1587
1831
1621
1441
1675
1998
1741
1349
1198
1197
1067
1508
1036
1612
1340
1692
1374
1849
1661
1320
1287
1075
1869
1981
1672
1068
1706
1259
1615
1736
1854
1083
1121
1152
1384
1657
1332
1846
1450
1945
1457
1760
1866
1368
1027
1776
1131
2000
1258
1179
1824
1906
1110
1595
1775
1077
1187
1951
1713
1057
1051
1737
1528
1268
1375
1790
1411
1180
1856
1659
1916
1076
1540
1943
1030
1346
1855
1260
1703
1658
1093
1353
1345
1853
1982
1278
1386
1838
1124
1174
1034
1276
1256
1237
1029
1228
1714
1522
1532
1669
1296
1055
1564
1100
1448
1608
1712
1383
1428
1422
1214
1983
1232
1354
1229
1911
1894
1572
1150
1424
1053
1686
1328
1858
1020
1482
1005
1683
1923
1182
1177
1156
1203
1727
1478
1800
1013
1168
1219
1115
1007
1812
1788
1483
1984
1468
1988
1525
1825
1111
1299
1063
1378
1433
1586
1964
1188
1255
1453
1514
1833
1178
1425
1878
1806
1323
1813
1745
1092
1536
1957
1720
1003
1505
1128
1059
1487
1039
1420
1997
1580
1569
1044
1897
1670
1293
1559
1126
1408
1781
1602
1509
1309
1695
1918
1372
1170
1230
1668
1358
1802
1490
1534
1635
1842
1337
1085
1799
1665
1681
1693
1827
1412
1766
1732
1031
1295
1639
1336
1808
1313
1176
1948
1438
1576
1624
1920
1738
1950
1041
1028
1466
1820
1688
1551
1973
1146
1380
1721
1405
1685
1253
1046
1243
1350
1701
1969
1890
1098
1017
1087
1936
1263
1193
1702
1953
1682
1024
1134
1653
1843
1245
1297
1537
1774
1991
1995
1743
1545
1244
1949
1809
1363
1206
1080
1748
1968
1056
1472
1553
1011
1062
1108
1769
1784
1874
1307
1596
1594
1047
1333
1351
1747
1265
1456
1357
1171
1016
1361
1169
1521
1519
1215
1875
1886
1642
1974
1814
1164
1480
1018
1583
1209
1910
1343
1740
1045
1334
1370
1078
1807
1708
1019
1782
1294
1985
1857
1391
1944
1402
1321
1819
1520
1304
1136
1160
1038
1636
1558
1387
1347
1355
1649
1994
1132
1314
1664
1700
1524
1868
1200
1618
1557
1086
1530
1823
1009
1613
1414
1980
1344
1403
1277
1143
1660
1579
1365
1900
1015
1785
1680
1904
1734
1684
1298
1288
1835
1770
1896
1032
1876
1069
1312
1707
1735
1779
1202
1222
1389
1901
1841
1704
1821
1452
1622
1467
1331
1815
1082
1240
1655
1652
1406
1600
1118
1233
1084
1996
1205
1462
1871
1140
1280
1429
1210
1817
1241
1338
1141
1185
1646
1049
1139
1281
1759
1794
1617
1226
1261
1162
1836
1673
1567
1399
1768
1135
1574
1744
1381
1526
1942
1578
1852
1538
1248
1604
1850
1529
1439
1095
1366
1072
1431
1142
1585
1269
1510
1561
1989
1376
1777
1767
1677
1446
1947
1619
1418
1469
1291
1430
1881
1367
1643
1542
1362
1460
1043
1746
1725
1127
1247
1148
1667
1292
1644
1502
1778
1458
1369
1289
1699
1427
1723
1527
1105
1907
1445
1461
1544
1633
1310
1962
1718
1191
1861
1388
1733
1851
1513
1161
1696
1221
1562
1251
1459
1434
1455
1627
1360
1339
1442
1096
1548
1539
1213
1751
1014
1204
1705
1535
1739
1811
1598
1149
1479
1341
1282
1590
1392
1476
1892
1952
1435
1443
1006
1930
1159
1123
1772
1731
1120
1754
1274
1113
1504
1498
1065
1042
1181
1189
1385
1563
1773
1238
1690
1902
1610
1728
1306
1568
1104
1190
1917
1319
1960
1252
1862
1033
1501
1891
1484
1648
1220
1864
1157
1516
1963
1071
1231
1715
1909
1970
1495
1186
1423
1145
1979
1870
1196
1117
1616
1761
1004
1451
1463
1847
1081
1129
1195
1419
1650
1097
1285
1491
1302
1556
1488
1880
1753
1597
1954
1783
1792
1937
1730
1978
1122
1614
1592
1691
1971
1552
1762
1832
1167
1099
1283
1503
1967
1972
1208
1207
1398
1932
1914
1541
1816
1317
1845
1722
1647
1151
1437
1789
1749
1837
1678
1401
1566
1805
1992
1674
1382
1305
1987
1246
1194
1903
1271
1922
1698
1560
1303
1158
1719
1663
1575
1591
1301
1758
1822
1342
1010
1771
1620
1840
1236
1689
1008
1895
1348
1946
1133
1517
1397
1440
1512
1330
1844
1889
1940
1234
1764
1999
1426
1050
1153
1865
1416
1506
1371
1924
1409
1933
1791
1913
1887
1645
1623
1217
1593
1266
1565
1826
1757
1599
1939
1931
1249
1079
1485
1322
1395
1798
1497
1780
1275
1103
1630
1742
1058
1935
1114
1106
1555
1625
1250
1709
1262
1432
1915
1729
1640
1966
1750
1607
1165
1499
1290
1444
1335
1060
1511
1493
1605
1601
1928
1570
1717
1279
1138
1102
1064
1662
1977
1012
1679
1687
1379
1329
1037
1641
1872
1315
1634
1172
1810
1507
1147
1582
1270
1554
1199
1941
1547
1175
1629
1486
1201
1603
1088
1308
1475
1860
1959
1765
1550
1934
1396
1628
1364
1898
1474
1377
1390
1671
1373
1454
1577
1711
1793
1543
1272
1473
1154
1052
1218
1654
1264
1183
1955
1035
1048
1492
1464
1415
1089
1212
1818
1867
1235
1284
1589
1267
1137
1724
1848
1787
1417
1173
1571
1611
1074
1938
1873
1316
1584
1393
1211
