1266
1372
1572
1906
1201
1894
1940
1657
1625
1062
1204
1175
1679
1380
1760
1491
1707
1976
1374
1763
1917
1208
1638
1123
1261
1377
1014
1373
1846
1331
1468
1581
1478
1181
1800
1646
1766
1104
1697
1396
1789
1621
1751
1530
1507
1754
1023
1455
1698
1659
1454
1818
1416
1232
1067
1094
1299
1490
1624
1383
1859
1276
1431
1312
1610
1242
1447
1715
1079
1815
1316
1780
1322
1310
1442
1826
1799
1360
1717
1885
1400
1655
1368
1944
1694
1186
1650
1112
1224
1131
1219
1054
1584
1795
1706
1722
1412
1371
1732
1546
1590
1318
1243
1891
1568
1191
1116
1427
1825
1534
1869
1651
1317
1941
1132
1012
1633
1092
1394
1564
1873
1436
1426
1153
1662
1398
1934
1182
1200
1519
1501
1946
1031
1558
1805
1518
1485
1950
1850
1438
1588
1517
1205
1222
1992
1387
1150
1637
1090
1736
1523
1474
1279
1384
1424
1877
1448
1064
1234
1179
1240
1958
1982
1653
1737
1345
1909
1280
1603
1281
1524
1962
1709
1324
1315
1739
1531
1936
1498
1742
1241
1157
1726
1904
1716
1155
1618
1900
1767
1445
1577
1925
1082
1749
1229
1476
1089
1675
1256
1628
1215
1989
1413
1966
1145
1798
1874
1103
1990
1896
1986
1080
1602
1747
1644
1898
1510
1787
1746
2000
1858
1129
1251
1397
1922
1961
1872
1036
1323
1951
1268
1102
1288
1864
1980
1528
1527
1972
1328
1835
1233
1439
1691
1108
1314
1160
1827
1100
1346
1828
1998
1699
1353
1451
1362
1808
1185
1903
1277
1693
1388
1235
1206
1969
1865
1122
1048
1554
1953
1124
1046
1960
1278
1731
1217
1140
1187
1886
1761
1556
1021
1987
1884
1770
1035
1753
1230
1111
1095
1158
1161
1945
1695
1947
1358
1481
1070
1084
1773
1652
1472
1890
1344
1928
1262
1689
1977
1881
1734
1821
1098
1134
1579
1495
1184
1340
1057
1935
1876
1878
1452
1213
1939
1803
1688
1786
1548
1764
1967
1512
1661
1197
1267
1542
1052
1683
1294
1963
1386
1642
1654
1117
1357
1253
1444
1177
1307
1113
1820
1473
1930
1042
1509
1271
1634
1183
1547
1053
1570
1303
1704
1988
1535
1919
1838
1532
1730
1811
1926
1293
1678
1354
1908
1796
1139
1263
1209
1539
1713
1660
1668
1350
1406
1604
1144
1149
1943
1784
1640
1589
1852
1088
1563
1308
1839
1211
1399
1188
1212
1804
1775
1622
1571
1537
1608
1938
1220
1464
1007
1721
1587
1605
1440
1466
1414
1848
1289
1180
1405
1479
1993
1964
1847
1083
1199
1842
1049
1978
1480
1503
1897
1649
1216
1305
1060
1453
1418
1030
1647
1994
1024
1165
1833
1685
1147
1892
1792
1522
1069
1039
1824
1785
1203
1606
1596
1359
1809
1536
1762
1702
1609
1257
1002
1238
1725
1598
1887
1087
1254
1367
1245
1506
1975
1210
1991
1127
1565
1806
1260
1361
1600
1081
1441
1614
1304
1259
1690
1001
1450
1552
1921
1836
1615
1703
1202
1790
1910
1983
1425
1028
1728
1952
1667
1330
1555
1750
1576
1419
1973
1696
1429
1862
1004
1355
1349
1091
1313
1985
1162
1959
1617
1557
1167
1526
1744
1851
1382
1545
1680
1469
1286
1974
1711
1130
1055
1720
1172
1156
1871
1287
1686
1759
1300
1151
1823
1643
1830
1593
1255
1971
1392
1623
1005
1814
1499
1171
1569
1022
1363
1366
1801
1059
1854
1320
1520
1641
1105
1585
1735
1907
1511
1583
1757
1041
1748
1912
1284
1173
1356
1311
1591
1875
1562
1015
1249
1423
1032
1504
1777
1292
1227
1933
1899
1781
1338
1856
1194
1774
1845
1672
1326
1743
1459
1298
1855
1682
1626
1931
1492
1656
1365
1135
1207
1942
1630
1819
1493
1911
1840
1443
1955
1462
1733
1666
1916
1505
1096
1237
1401
1486
1408
1137
1995
1567
1166
1918
1541
1560
1250
1665
1920
1109
1334
1073
1283
1729
1011
1550
1521
1783
1671
1295
1126
1369
1669
1033
1807
1529
1258
1296
1525
1741
1020
1611
1120
1752
1306
1446
1376
1223
1635
1863
1272
1415
1164
1347
1118
1040
1097
1601
1247
1948
1965
1923
1189
1755
1432
1708
1488
1470
1025
1385
1580
1460
1467
1718
1849
1051
1664
1143
1433
1270
1502
1996
1192
1381
1125
1463
1395
1979
1337
1136
1816
1225
1348
1332
1008
1391
1336
1791
1538
1169
1252
1196
1658
1496
1883
1970
1719
1471
1198
1148
1343
1339
1895
1932
1075
1595
1954
1613
1812
1141
1273
1612
1902
1514
1121
1788
1868
1170
1302
1461
1325
1586
1889
1692
1107
1813
1375
1246
1724
1038
1740
1574
1422
1551
1133
1778
1378
1888
1110
1832
1937
1410
1616
1829
1592
1168
1047
1221
1403
1309
1544
1793
1516
1364
1575
1063
1319
1010
1239
1013
1335
1071
1244
1779
1619
1434
1163
1597
1329
1817
1193
1420
1834
1214
1068
1645
1066
1494
1404
1074
1190
1561
1072
1769
1681
1351
1045
1997
1639
1409
1195
1146
1154
1407
1275
1843
1802
1782
1119
1176
1301
1670
1333
1636
1879
1676
1393
1745
1269
1687
1673
1077
1914
1489
1924
1099
1701
1758
1142
1599
1981
1627
1437
1006
1342
1663
1797
1034
1003
1037
1559
1844
1009
1457
1341
1956
1138
1629
1549
1421
1674
1029
1477
1867
1905
1056
1553
1282
1772
1837
1114
1106
1058
1756
1274
1582
1484
1882
1513
1218
1290
1705
1861
1231
1929
1228
1714
1017
1178
1076
1027
1019
1159
1291
1712
1620
1458
1949
1957
1297
1776
1677
1738
1226
1093
1566
1390
1915
1700
1352
1265
1115
1482
1540
1389
1723
1508
1500
1043
1327
1101
1607
1984
1913
1810
1901
1631
1794
1128
1999
1078
1632
1026
1483
1379
1893
1456
1236
1248
1860
1321
1435
1870
1573
1174
1065
1465
1866
1417
1018
1050
1684
1968
1449
1430
1831
1853
1578
1727
1016
1515
1487
1710
1086
1594
1497
1648
1402
1543
1285
1044
1822
1475
1152
1765
1085
1880
1533
1927
1411
1370
1428
1264
1768
1061
1771
1841
1857
