2321
793
604
2412
1551
2001
2469
921
3179
1359
1363
2483
2757
718
1165
2798
1820
528
2458
651
2193
475
926
510
809
488
921
729
1491
635
1837
3574
1148
830
576
1604
1078
648
763
1584
435
1252
706
588
891
1412
445
1729
2404
2324
2729
1415
2050
2081
452
610
1558
2390
1764
885
678
3323
1680
656
561
872
2245
731
782
3210
467
695
1640
1385
626
528
2857
1194
711
1035
752
2966
2960
423
847
1769
766
1228
698
2416
829
448
1901
1364
3109
867
1390
2340
477
2011
1644
658
3171
577
2187
2383
914
1140
613
1266
832
3177
1003
2202
3639
434
599
971
941
3166
958
808
3130
992
1457
1355
3031
441
503
726
638
1009
446
820
2522
1175
1849
904
990
2013
1710
571
1885
842
2807
1414
2274
1408
1504
1988
2608
526
644
603
607
3139
591
2977
2742
2694
1094
507
670
2464
624
2744
2712
1073
3180
391
1141
880
1022
978
555
1245
2495
706
449
1100
899
1202
2495
1345
702
714
662
809
2550
716
578
2034
1493
2870
375
531
1567
3455
487
3150
2410
1767
1579
2262
606
557
370
901
391
2980
2708
520
484
1101
2247
1528
698
908
357
825
456
1023
3492
628
796
448
649
1504
496
438
2566
3232
1228
1741
1615
443
566
964
670
492
2766
2345
3307
708
907
383
3379
1358
1342
1240
616
1682
710
1904
954
1270
678
1105
1034
1942
2168
2012
522
1836
639
757
354
2933
1110
3243
466
2573
673
624
529
1379
520
626
2622
2583
388
2805
680
820
890
1027
656
2666
1264
1197
550
1225
726
1705
706
1694
3237
718
394
3156
1531
2604
468
1501
814
451
693
425
449
807
2455
1069
439
564
1113
1465
408
522
831
1110
3042
1791
1698
1826
809
1751
1098
1767
811
2434
582
756
937
2314
2600
2274
577
1191
3030
502
539
705
1734
3631
827
2622
2765
642
2396
2257
1063
1383
939
557
1394
1611
1056
888
2943
2457
1548
752
1329
3376
2146
1148
2434
523
711
2739
1045
2193
2719
1032
2562
896
616
3406
2848
502
714
3301
615
2213
493
1362
2312
906
690
1904
2414
396
2073
1078
2342
630
3021
1105
2838
746
1362
1795
582
2200
1334
539
947
3217
429
709
2781
834
601
400
457
806
3028
1098
1225
1938
882
608
1162
2343
453
976
1068
858
2175
3243
1062
1522
664
1528
1330
505
2091
590
761
612
1060
369
921
983
1935
680
388
784
1518
1319
3251
590
399
1666
455
2566
816
1043
2243
1949
699
1537
592
2917
824
596
849
672
451
731
2230
728
470
796
485
1308
509
1423
643
596
823
726
806
738
671
1066
2548
3074
944
621
448
1517
523
2357
1717
1199
886
1336
1307
470
2171
643
454
2262
1401
1851
2319
771
3029
1209
1213
2333
2607
568
1015
2648
1670
378
2308
501
2043
325
776
360
659
338
771
579
1341
485
1687
3424
998
680
426
1454
928
498
613
1434
285
1102
556
438
741
1262
295
1579
2254
2174
2579
1265
1900
1931
302
460
1408
2240
1614
735
528
3173
1530
506
411
722
2095
581
632
3060
317
545
1490
1235
476
378
2707
1044
561
885
602
2816
2810
273
697
1619
616
1078
548
2266
679
298
1751
1214
2959
717
1240
2190
327
1861
1494
508
3021
427
2037
2233
764
990
463
1116
682
3027
853
2052
3489
284
449
821
791
3016
808
658
2980
842
1307
1205
2881
291
353
576
488
859
296
670
2372
1025
1699
754
840
1863
1560
421
1735
692
2657
1264
2124
1258
1354
1838
2458
376
494
453
457
2989
441
2827
2592
2544
944
357
520
2314
474
2594
2562
923
3030
241
991
730
872
828
405
1095
2345
556
299
950
749
1052
2345
1195
552
564
512
659
2400
566
428
1884
1343
2720
225
381
1417
3305
337
3000
2260
1617
1429
2112
456
407
220
751
241
2830
2558
370
334
951
2097
1378
548
758
207
675
306
873
3342
478
646
298
499
1354
346
288
2416
3082
1078
1591
1465
293
416
814
520
342
2616
2195
3157
558
757
233
3229
1208
1192
1090
466
1532
560
1754
804
1120
528
955
884
1792
2018
1862
372
1686
489
607
204
2783
960
3093
316
2423
523
474
379
1229
370
476
2472
2433
238
2655
530
670
740
877
506
2516
1114
1047
400
1075
576
1555
556
1544
3087
568
244
3006
1381
2454
318
1351
664
301
543
275
299
657
2305
919
289
414
963
1315
258
372
681
960
2892
1641
1548
1676
659
1601
948
1617
661
2284
432
606
787
2164
2450
2124
427
1041
2880
352
389
555
1584
3481
677
2472
2615
492
2246
2107
913
1233
789
407
1244
1461
906
738
2793
2307
1398
602
1179
3226
1996
998
2284
373
561
2589
895
2043
2569
882
2412
746
466
3256
2698
352
564
3151
465
2063
343
1212
2162
756
540
1754
2264
246
1923
928
2192
480
2871
955
2688
596
1212
1645
432
2050
1184
389
797
3067
279
559
2631
684
451
250
307
656
2878
948
1075
1788
732
458
1012
2193
303
826
918
708
2025
3093
912
1372
514
1378
1180
355
1941
440
611
462
910
219
771
833
1785
530
238
634
1368
1169
3101
440
249
1516
305
2416
666
893
2093
1799
549
1387
442
2767
674
446
699
522
301
581
2080
578
320
646
335
1158
359
1273
493
446
673
576
656
588
521
916
2398
2924
794
471
298
1367
373
2207
1567
1049
736
1186
1157
320
