exon	frequency	size	mean_expression	read_counts	psi_mean	psi_binary
1110059E24Rik_3	0.23392521082295734	0.7692269304275943	1.1457315531324723	0.4571041411977752	0.23176596174532205	1.0498221244986774
1300002E11Rik_8	0.26899595110492186	0.38349811219810415	1.043050257734999	0.09769182146743767	0.07380952380952382	1.8718021769015918
1700001L05Rik_1	0.04249245306103876	1.0656669931777047	0.2743145087437062	0.09455610761457907	0.12222222222222223	2.8332133440562157
2410004B18Rik_nmdSE_1	0.1259012075433344	0.6350907025461008	1.0956883556619492	0.6740083081970691	0.2789177138078376	0.6773988235918059
2610318N02Rik_1	0.1244890405643198	0.7693540316259598	1.1084621776325958	0.732103843602654	0.12286025171624759	-0.21357410029805918
2700099C18Rik_1	0.10128487825662949	0.6645048973404408	0.7075751913356225	0.799154196959024	0.15049870535634546	0.371563556432483
2810408A11Rik_2	0.04014833635522639	0.5441815615033716	0.19386558737887769	0.08821592958356005	0.16666666666666663	2.4849066497880012
4930432K21Rik_2	0.019543446860184364	0.3890181813345432	0.19780226537435103	0.09769182146743767	0.12878787878787878	1.5040773967762744
4931406P16Rik_1	0.1671904520018083	1.82960246104923	0.6520448589611147	0.11604502344831745	0.1393939393939394	2.3025850929940455
5530601H04Rik_1	0.030757083716403538	1.2309980526548385	0.9394806716891644	0.6527775668367325	0.05589180297267771	0.0
5530601H04Rik_7	0.030757083716403538	1.2309980526548385	0.9394806716891644	0.20265028757514922	0.15174603174603163	2.1972245773362196
8030462N17Rik_1	0.06955861796885503	0.4898442716200843	0.20247736013517156	0.11001305867840436	0.06481481481481477	2.0794415416798353
A930005H10Rik_2	0.04149078317577591	0.5291893851090217	0.4629841834691354	0.19272312434213798	0.11498989898989898	1.3862943611198908
Acin1_10	0.5060035956162459	0.8486893083278817	1.0903796442084963	0.40646345673763284	0.10152807391613361	0.9267620317414502
Acin1_2	0.5060035956162459	0.8486893083278817	1.0903796442084963	0.36121720164729776	0.2362137862137863	1.252762968495368
Acin1_8	0.5060035956162459	0.8486893083278817	1.0903796442084963	0.40646345673763284	0.25365916135146904	1.292768303109067
Acly_1	0.23480592759929503	1.0111163815311492	1.384048584923488	0.9160981152797908	0.0805771304964733	-0.796943974241589
Acsl3_2	0.281255508897628	0.5989847981191205	0.7657706909359434	0.2424787511435686	0.08333333333333326	1.5314763709643884
Adal_4	0.0985025762083035	0.5882706813894156	0.6413192469417814	0.3860407853723299	0.29038184038184045	1.7227665977411037
Adam23_1	0.14248212397525814	0.43145977447922174	0.24826072991531598	0.16952086926104046	0.15101565101565095	1.845826690498331
Add1_3	0.34873131677067903	0.32196965369450936	0.9167763109484182	0.38118828257791776	0.22506012506012507	2.0794415416798353
Add1_4	0.34873131677067903	0.32196965369450936	0.9167763109484182	0.4288932852895978	0.29172362724994305	1.1700712526502548
Adhfe1_3	0.04264770248371007	0.5243786491116463	0.3434509554504125	0.14500871938363402	0.08333333333333337	2.4849066497880012
Agfg2_1	0.09526047394656234	0.39324421981707636	0.353877892789069	0.07852866218042835	0.011111111111111127	2.639057329615259
Akap13_3	0.33319150554931914	0.3049532392562193	0.3747226341303524	0.09769182146743767	0.2916666666666667	2.70805020110221
Akap17b_1	0.09186241996783392	0.8143718777498281	0.25509502863309347	0.3543507426943807	0.1704739704739705	1.8607523407150068
Akap2_1	0.45312147898805266	0.604972208319137	0.6381565208020784	0.8047102789031115	0.0479561622136096	-0.49995595152908695
Alg3_5	0.13748922810520198	0.6770724274503377	1.1408425903803439	0.9396541476288358	0.2893092145390821	0.4567584024957149
Alkbh1_3	0.3979019645463199	0.3023740173702921	1.043953852680433	0.22651862774984158	0.153921568627451	1.3499267169490154
Alkbh1_nmdSE_1	0.3979019645463199	0.3023740173702921	1.043953852680433	0.41406950897257344	0.2674054663009404	1.5723966407537513
Alkbh3_1	0.23269983829942675	0.3721567871086916	1.024062893672412	0.6773109437471547	0.28319423016107204	0.8472978603872034
Alkbh3_2	0.23269983829942675	0.3721567871086916	1.024062893672412	0.47055086492502163	0.15389701887379914	0.8754687373539001
Anapc16_1	0.1811616204538737	0.8236549603726662	1.3421081455852133	0.5695742372464772	0.12836289527466016	0.41616039722491216
Anapc16_2	0.1811616204538737	0.8236549603726662	1.3421081455852133	1.01838558060476	0.22322933572067466	-0.8209805520698301
Ankrd10_nmdSE_1	0.23463382001239108	1.0384044315755654	1.3084457836102523	0.7865467954938443	0.2871413906027004	-0.02020270731751924
Ankrd11_nmdSE_1	0.30091698187956883	1.2016302850936826	0.6582567697589036	0.25787307863383147	0.02275132275132269	2.0794415416798353
Ankrd12_1	0.12280664776143309	0.8299566327085739	0.6479253161853697	0.2970997020355488	0.141399416909621	1.9694406464655072
Ankrd17_2	0.4078909797863221	0.7324635370288569	0.9491301400882897	0.31828900110548686	0.14999999999999997	1.0498221244986774
Ankrd17_3	0.4078909797863221	0.7324635370288569	0.9491301400882897	0.13365396850651196	0.20400000000000007	3.178053830347945
Ankrd24_4	0.05268609070220644	0.7333543523706813	0.3892875780243018	0.17216096542724882	0.031609195402298895	2.6026896854443833
Ankrd9_1	0.08750631122956297	0.479753613947252	0.5637476698335049	0.35607756199488666	0.1318219935201067	1.5869650565820421
Anks1_3	0.021041535224822404	1.2788034870617857	0.2023867863068367	0.0719483168691068	0.17999999999999994	2.639057329615259
Anxa6_1	0.28844551049209455	0.5877471935760032	1.1164500156722794	0.9113256004185458	0.19997709469216007	-0.25131442828090605
Ap2b1_2	0.3496654026425197	0.6510040691025802	0.6424780758348233	0.3876463120877483	0.03240413286179877	1.1180303745252114
Apbb2_1	0.28979951647751273	0.3125848656137896	0.6160822329897884	0.1825637258270161	0.07301587301587298	1.1895840668738367
Aplp2_2	0.4549989112221996	0.7722522532523296	1.0309216979563764	0.6902759209115225	0.13414416239511062	0.17435338714477755
Apobec3_2	0.3815983818930816	0.725590122974152	1.303384313998048	0.856679912564072	0.07824980571702606	-0.9668430110369866
Arhgap12_1	0.19253077508913838	1.1545676002826664	0.5545045768235137	0.24023433022111634	0.12087912087912084	1.2039728043259361
Arhgap12_9	0.19253077508913838	1.1545676002826664	0.5545045768235137	0.2600283906599663	0.061229314420803704	1.308332819650179
Arl13b_3	0.08445242379531175	0.4958480355408978	0.2873603113858801	0.10389613386872243	0.23809523809523814	2.564949357461537
Armcx1_2	0.5300256765177754	0.3299972379070122	0.8053134893787455	0.3595107378332806	0.02686349598114307	0.9718605830289656
Armcx1_3	0.5300256765177754	0.3299972379070122	0.8053134893787455	0.3543507426943807	0.023348304839176937	1.1451323043030024
Armcx1_4	0.5300256765177754	0.3299972379070122	0.8053134893787455	0.32574488348507885	0.2082166199813259	1.6817585740137264
Armcx1_5	0.5300256765177754	0.3299972379070122	0.8053134893787455	0.41104305434238564	0.08615482877777958	0.9509762898620452
Asxl2_nmdSE_1	0.18843714254852206	0.7394964248432891	0.6044499239440733	0.2748233073243965	0.2813146664210494	1.5841201044498103
Atat1_5	0.06737987480757719	0.6766854215155513	0.7047894028483871	0.11604502344831745	0.05942028985507247	1.897119984885881
Atat1_nmdSE_1	0.06737987480757719	0.6766854215155513	0.7047894028483871	0.23571038846107012	0.2272200772200772	2.1102132003465894
Atf2_3	0.15803250502238478	0.5012243117462798	0.8190541243787788	0.3330749221614802	0.28065108759553203	1.0498221244986774
Atf2_7	0.15803250502238478	0.5012243117462798	0.8190541243787788	0.4460387150476152	0.2107322629061762	1.1977031913123404
Atg16l1_2	0.1588571250643405	1.218465717647001	0.7497965226243064	0.41406950897257344	0.29127506953593907	1.6625477377480484
Atg7_1	0.20280356879299924	0.3238932413995632	0.6417143364730398	0.15607414553379403	0.06759259259259265	2.3978952727983702
Atg7_3	0.20280356879299924	0.3238932413995632	0.6417143364730398	0.0480987063755776	0.1333333333333333	2.1972245773362196
Atp13a3_1	0.41299133568740776	0.3035572651279532	0.5708317367546534	0.3473739744730083	0.046420538525801636	0.9409833444645266
Atp6v0a1_1	0.10437369852859929	0.428390710494933	0.6205186027204425	0.09769182146743767	0.16666666666666669	1.8718021769015918
Atpaf2_2	0.11105235218885062	1.1473362013601835	1.0602321168288191	0.32016500610424226	0.04813735017816656	1.2396908869280152
Atrx_10	0.7965729415233266	0.9309941685095761	1.4994398815355443	0.6797715422948116	0.11807925398323327	-0.15718558352241252
Atrx_11	0.7965729415233266	0.9309941685095761	1.4994398815355443	0.32203294223936163	0.09635701275045538	1.5141277326297755
Atrx_12	0.7965729415233266	0.9309941685095761	1.4994398815355443	0.20018968902749237	0.19624819624819623	2.3025850929940455
Atrx_2	0.7965729415233266	0.9309941685095761	1.4994398815355443	0.5830659512636541	0.04059995613618794	0.3593740009078974
Atrx_4	0.7965729415233266	0.9309941685095761	1.4994398815355443	1.0964402514891305	0.18455735526825034	-1.0498221244986778
Atrx_6	0.7965729415233266	0.9309941685095761	1.4994398815355443	0.4962562651599235	0.15630850630850635	1.0647107369924285
Atxn2_1	0.03192825605884191	0.9954793713175687	1.0580540602148525	0.5951584581837643	0.18409362685527708	0.39465419200394863
Atxn2l_8	0.16951520714954496	0.8065843496804339	0.8697217863149909	0.2424787511435686	0.14806201550387588	1.1939224684724348
Axin1_3	0.18477583186421345	0.3472674555229555	0.49532965940227236	0.2334306221661715	0.06723356009070292	1.0360919316867758
BC004004_3	0.13809136011923073	0.6820042149483952	0.8531698968140216	0.24693309256981857	0.2720057720057719	1.7227665977411037
Bag6_1	0.32595545521674135	1.066058348771345	1.286572010986435	1.0522813500877535	0.22363449691457848	-0.665748206371831
Baiap2_1	0.05708260920913671	0.5591793931299438	0.510943525802186	0.27064736667026035	0.16486278872642512	1.845826690498331
Banp_3	0.04425104871969969	1.5637918944654792	0.8403539347268906	0.4543641038317464	0.16475843525023837	1.3062516534463542
Baz2b_2	0.2432886251016973	1.1212610761831774	0.8401497477892776	0.5287082889410615	0.04392989165716443	0.06062462181643484
Baz2b_3	0.2432886251016973	1.1212610761831774	0.8401497477892776	0.4185700101992499	0.21872648049118637	1.262241712449912
Bbx_1	0.2147684609588488	0.46491718602396115	0.41990046167260253	0.05848074216929946	0.12962962962962965	2.0794415416798353
Bcas3_11	0.1789208405875684	0.5830880733075829	0.7654293190249812	0.2748233073243965	0.07647058823529407	2.0149030205422647
Bcas3_3	0.1789208405875684	0.5830880733075829	0.7654293190249812	0.20018968902749237	0.09141414141414139	2.3025850929940455
Bcas3_4	0.1789208405875684	0.5830880733075829	0.7654293190249812	0.23571038846107012	0.10858585858585862	2.2512917986064953
Bcas3_7	0.1789208405875684	0.5830880733075829	0.7654293190249812	0.18767313160549642	0.19285714285714284	2.3978952727983702
Bcas3_8	0.1789208405875684	0.5830880733075829	0.7654293190249812	0.21712811094377205	0.019628339140534246	1.7635885922613586
Bclaf1_3	0.38203747285650874	0.9633161949342992	1.208859766447143	0.981618649172372	0.0153070673437109	-1.2119409739751128
Bicd1_4	0.007357108461740913	1.16831111389881	0.29229548887611567	0.06862037352017934	0.05555555555555558	1.6094379124341007
Bin1_3	0.08995332604298859	0.5282601634994817	0.2466529637431168	0.11303951330859223	0.20999999999999996	2.9444389791664394
Bin1_4	0.08995332604298859	0.5282601634994817	0.2466529637431168	0.05848074216929946	0.07999999999999996	2.1972245773362196
Bod1l_1	0.2117798449882671	1.2028901620064336	0.44905264974440606	0.2600283906599663	0.03777056277056284	1.3862943611198908
Bpnt1_3	0.2658289677333584	0.7816775304637666	1.2134609043287319	0.902600641045069	0.04101341781832424	-0.8892620594862358
Bptf_1	0.3314440970144774	1.0961354409761503	0.8735781884954588	0.4079953612603803	0.2602623183268345	0.9734491457141038
Bptf_12	0.3314440970144774	1.0961354409761503	0.8735781884954588	0.5578213938335248	0.07094608006372721	0.21256144198367288
Bptf_5	0.3314440970144774	1.0961354409761503	0.8735781884954588	0.219494844222879	0.2805769230769231	1.9459101490553132
Brd4_5	0.22267862606575411	1.0079812334781397	1.0335078394622932	0.35087636830907887	0.23307731694828482	0.8167611365271221
Brd8_1	0.22761950948644274	1.0100450410923398	1.1368338574343513	0.723315122460957	0.1524299230181585	0.040005334613699206
Btbd10_2	0.07828269559299435	0.7270508928430452	0.6288852696309921	0.28509079456253333	0.11545189504373166	1.3609765531356006
Btbd10_4	0.07828269559299435	0.7270508928430452	0.6288852696309921	0.3402832948116548	0.16922398589065246	1.1486227092427712
Btbd19_8	0.13047570490525098	0.6880045144428566	0.8157248375104876	0.4274334705305549	0.11223826874778431	0.7375989431307793
Btrc_5	0.2424783180913112	0.7573141760941062	0.6181613503299731	0.6059550352114865	0.2649159422911438	0.8064758658669484
Cadm1_2	0.15631399474738544	1.2155052210579098	0.8933638441531697	0.6322839739338357	0.046483172126041694	0.0
Capg_1	0.11437781358576618	0.6195039449536864	0.6690299296301143	0.19771506989963697	0.2082437275985663	2.233592221507094
Caprin2_5	0.12869771290832213	0.6733092924032872	0.564593787100122	0.17739349236092583	0.23535353535353531	2.3025850929940455
Casc4_3	0.15546591309341073	0.40362842687510325	0.351747523054634	0.11303951330859223	0.09613095238095237	1.0986122886681098
Cbs_1	0.29442494087130877	0.7790468210861475	1.172688381386011	0.958137553322849	0.10078544928461558	-1.6554230256759237
Cbx5_2	0.34587381741261763	1.0411289305715408	1.2178939479587785	0.3629169865251921	0.291235632183908	1.9859154836690123
Cbx5_3	0.34587381741261763	1.0411289305715408	1.2178939479587785	0.33849238719377384	0.291235632183908	1.9859154836690123
Ccdc88a_5	0.1446208224954415	1.1582307965311458	0.3084893368291369	0.022862882959504165	0.16666666666666669	1.0986122886681098
Ccnl1_nmdSE_1	0.2989451785382952	0.39075321846660127	1.004527688949248	0.6475239404905725	0.19118778378123263	0.061875403718087245
Ccnl1_nmdSE_3	0.2989451785382952	0.39075321846660127	1.004527688949248	0.6723475242156047	0.15274907880808908	0.02020270731751947
Ccnl2_nmdSE_1	0.4690785885210551	0.4888923369588993	1.0293620782303163	0.6926643475467733	0.10219736915743494	-0.21357410029805918
Cd47_1	0.08758173660211456	0.40621452713688133	0.349564374452097	0.15607414553379403	0.11708074534161489	1.2809338454620645
Cd59a_1	0.036528684260761626	0.49470093698425327	0.3920905234213528	0.22883487047702242	0.19327731092436978	1.5404450409471486
Cdc42bpa_6	0.16076673680071712	0.44866242115910593	0.3696937668572576	0.17478510925339769	0.16041666666666665	2.268683541318364
Cdk11b_2	0.30203319095711345	0.9579988583703207	1.1459078627613999	0.8961884538477456	0.2374490323404509	-0.8649974374866046
Cdk2_1	0.33822169696669974	0.6186421379605475	1.3469296334046632	1.133941485552368	0.03095426672752022	-1.2286654169163076
Cdk5rap2_1	0.28890368496037117	0.3693802177088578	0.8552650537624162	0.22883487047702242	0.2910569105691057	1.9740810260220096
Cenpi_1	0.04580184713380505	1.3936382967225536	0.8901894506767152	0.612688417870455	0.04079964194099395	0.393042588109607
Cep57l1_3	0.2905087812749105	0.6233586352204288	0.8424381776318729	0.4375506048220963	0.24430310585772774	1.0986122886681098
Cep57l1_9	0.2905087812749105	0.6233586352204288	0.8424381776318729	0.40646345673763284	0.23470296182160588	1.2636920390275586
Cetn4_3	0.02911805430511408	0.42286873448972434	0.2886411435731869	0.17216096542724882	0.29166666666666674	2.4849066497880012
Chd2_11	0.16937539224829662	1.0323027323368301	0.7906493155048457	0.3049250395475053	0.21699346405228748	1.5404450409471486
Chfr_nmdSE_1	0.3662538408525247	0.37708680461187316	0.9353283383708704	0.44039844769492265	0.22140484940816357	0.5485659517488379
Chka_5	0.1972704934067169	0.43851068342085264	0.74351204326525	0.41707501911229866	0.1434841172936412	0.9162907318741551
Chrnb1_1	0.03268705106841	0.49151862985211914	0.2588087369241941	0.0719483168691068	0.18253968253968256	2.0794415416798353
Ciz1_2	0.060804512635607065	0.4658775171971343	0.5510440731659794	0.19522626949594227	0.18000000000000005	2.8033603809065344
Clcn3_2	0.22544784221348577	0.594225262846737	0.6481090311757567	0.5061270191862177	0.2108536344847603	0.31237468504215243
Clcn3_3	0.22544784221348577	0.594225262846737	0.6481090311757567	0.3526170298853802	0.0483990147783252	1.343734746701095
Clk1_1	0.28231379370676785	0.7897345299025111	1.4061123537643896	1.0081396261387978	0.23701475020804086	-0.33647223662121273
Cln8_1	0.2459114248910332	0.3632933122267131	0.6668614116291032	0.3844293012157505	0.24478777927053785	1.343734746701095
Cnnm2_1	0.05094961127466804	0.9341118394103854	0.222643698101959	0.24693309256981857	0.26036036036036037	2.4277482359480524
Cnot10_4	0.4290505101657859	0.3922908171752231	1.0209089299730583	0.8168084005263797	0.04129342047628082	-0.12783337150988489
Cnot4_1	0.1774200587721259	0.978030595360951	0.7493223830557317	0.29313351481794736	0.2663522012578615	1.8827312474337818
Cobl_3	0.20037320116104806	0.5578245017111318	0.8023029562696837	0.23571038846107012	0.17005012531328323	1.4880770554298328
Comt_1	0.2682194420666158	0.42841180789531463	1.0337543193454666	0.8244952291926707	0.25181456157159054	0.28768207245178085
Coq2_1	0.1711927859533254	0.7590217997043941	0.5319245642605301	0.1825637258270161	0.23333333333333328	2.8332133440562157
Cpne5_2	0.019200024324763205	0.8930425258182306	0.6129608805687692	0.12199435596151867	0.21594202898550724	2.351375257163477
Crem_3	0.07215862550583427	0.5486547588968311	0.5246026410879246	0.13936845203094142	0.044973544973545	1.7917594692280545
Crem_5	0.07215862550583427	0.5486547588968311	0.5246026410879246	0.20753005219323573	0.09137709137709138	1.8562979903656267
Crem_7	0.07215862550583427	0.5486547588968311	0.5246026410879246	0.17216096542724882	0.2531531531531532	2.4277482359480524
Crem_9	0.07215862550583427	0.5486547588968311	0.5246026410879246	0.08178181957815023	0.12222222222222223	2.639057329615259
Csde1_6	0.8058973762137398	0.40094589662180846	1.5233582545104398	0.9291887139506709	0.10850791837954044	-1.0608719606852628
Csnk1d_2	0.1617192927137261	1.1083745982845439	0.8305873147881344	0.5479630882337998	0.0736979470745705	0.5596157879354227
Csnk1g3_1	0.2686851423495125	0.311946831411298	0.2814268432954726	0.09769182146743767	0.020168067226890796	1.5404450409471486
Csrnp3_1	0.17171953266952275	0.5137804076155428	0.46043540765069696	0.24693309256981857	0.1957264957264958	1.0647107369924285
Ctnnd1_2	0.08027893394779442	0.8573321713187874	0.7522797578173226	0.17739349236092583	0.28431372549019596	3.4965075614664802
Ctnnd1_3	0.08027893394779442	0.8573321713187874	0.7522797578173226	0.4598269995332485	0.21861666861666873	0.7963314167951759
Cuedc2_1	0.4902718166489536	0.5756395323606247	1.3691045393633432	1.1026623418971477	0.07291025536740947	-1.3516088031320006
Cyb561_1	0.09215700827059925	0.3388924787323128	0.5468930437536248	0.15879700386926732	0.16771561771561783	1.4350845252893227
D3Ertd751e_3	0.04058585994748498	0.39802964647551714	0.28686152674306475	0.09455610761457907	0.20238095238095244	2.3978952727983702
D3Ertd751e_4	0.04058585994748498	0.39802964647551714	0.28686152674306475	0.0719483168691068	0.033333333333333326	2.0794415416798353
Dab2_1	0.09801811284607201	0.44570447366356014	0.3771276601516082	0.14500871938363402	0.23015873015873023	1.7917594692280545
Dcun1d2_6	0.02577112637993401	1.0982183855933367	0.4192483904546377	0.25787307863383147	0.1296653796653796	1.642227735257091
Ddhd1_1	0.06417511900302351	0.311665075924579	0.24678082041748356	0.019135010440261037	0.16666666666666669	1.0986122886681098
Def8_1	0.1992068854546619	0.41466782434306687	0.7914167742641782	0.3294253672234464	0.21610317460317463	1.5163474893680882
Def8_2	0.1992068854546619	0.41466782434306687	0.7914167742641782	0.29113675506187203	0.2722813238770686	1.5841201044498103
Def8_6	0.1992068854546619	0.41466782434306687	0.7914167742641782	0.14500871938363402	0.13888888888888884	1.9459101490553132
Dguok_2	0.10769035588993642	0.6601919404688142	0.9422861521331606	0.7299232809535791	0.10052769780571935	0.06453852113757116
Dmc1_2	0.07408777595022617	0.41529103845886917	0.311476070941832	0.21712811094377205	0.24062499999999998	2.70805020110221
Dmtf1_4	0.2454641104831236	0.39611494522506335	0.7463039047116337	0.3145125035532305	0.07955710955710948	1.1727202608218317
Dmtf1_8	0.2454641104831236	0.39611494522506335	0.7463039047116337	0.2513422114748737	0.06331496786042234	1.5040773967762744
Dmtf1_9	0.2454641104831236	0.39611494522506335	0.7463039047116337	0.24471163257586057	0.06526301980847438	1.5040773967762744
Dmwd_2	0.14528208455416833	0.5004772625569434	0.538037250188589	0.38924592524754126	0.010887564166252695	1.2110902720947998
Dnajc5_3	0.2615548021596034	0.42093162872594836	0.7183413792841384	0.2951211360534609	0.24864612511671336	1.4109869737102623
Dnajc5_nmdSE_1	0.2615548021596034	0.42093162872594836	0.7183413792841384	0.45298757500294307	0.1494628827962161	0.9954280524328787
Dnm1l_2	0.3801532694817856	1.0958051879315904	1.008279441368959	0.4950064960042163	0.12039205520218194	0.02531780798429
Dnm2_3	0.2627883663853519	0.855134682884787	0.9370537056728179	0.702865048219543	0.18442079669260203	0.2542341383842407
Dnmt3b_1	0.2894766512751176	0.4781192280549348	0.6948217863101587	0.3010299956639812	0.10408850408850412	1.5404450409471486
Dock11_1	0.02429792406438572	0.528738752792233	0.3227351154809675	0.05504756633090544	0.055555555555555525	2.3978952727983702
Eif4h_1	0.5756710826100502	0.7570637738483731	1.5791779228206242	1.236845799517984	0.11539575102523708	-2.5455312716044354
Elavl2_2	0.08334616680701512	0.6857268489678879	0.5651490300123334	0.1478016195678042	0.1433862433862434	1.7917594692280545
Elavl2_4	0.08334616680701512	0.6857268489678879	0.5651490300123334	0.10389613386872243	0.014285714285714346	2.564949357461537
Elmod3_1	0.06653855830536255	0.8328802676408712	0.47998411570576693	0.19272312434213798	0.11222222222222222	1.8718021769015918
Eml4_4	0.17018160121513579	1.2563832680646367	0.6045046395957281	0.09455610761457907	0.039682539682539764	2.99573227355399
Enox2_5	0.12140717417091478	0.6285400524412219	0.398776905397242	0.22418996543125888	0.18099173553719006	1.9810014688665833
Entpd5_2	0.01565626974914809	0.5883460966416226	0.1664252635955236	0.12493873660829992	0.051587301587301515	2.2512917986064953
Ep400_2	0.14537091732648957	1.433867203004634	0.8129625856126953	0.3087854603607435	0.2869395711500975	2.583997552432231
Epn2_10	0.2469216800361207	0.6772085820604634	0.8381378139840532	0.21235559608252708	0.2448717948717949	1.7047480922384253
Epn2_11	0.2469216800361207	0.6772085820604634	0.8381378139840532	0.39558610327856025	0.2889153439153439	1.285198244248522
Epn2_13	0.2469216800361207	0.6772085820604634	0.8381378139840532	0.433243516807186	0.24495445358886875	0.8675005677047228
Epn2_2	0.2469216800361207	0.6772085820604634	0.8381378139840532	0.1505766736225763	0.22435897435897445	2.4849066497880012
Epn2_7	0.2469216800361207	0.6772085820604634	0.8381378139840532	0.13365396850651196	0.09183673469387754	2.99573227355399
Epn2_9	0.2469216800361207	0.6772085820604634	0.8381378139840532	0.18512594259161647	0.19665800865800864	1.6582280766035322
Erc1_2	0.125856295122712	0.9586024262654479	0.3233677061081421	0.17739349236092583	0.2801827801827802	2.7408400239252018
Erc2_1	0.08766947320574983	0.32000998697167704	0.3750453132022449	0.15333410816776522	0.11458333333333331	3.4339872044851463
Erc2_4	0.08766947320574983	0.32000998697167704	0.3750453132022449	0.19522626949594227	0.05959595959595959	1.9810014688665833
Ercc8_5	0.12851376486410848	0.9060916582796698	0.7782942065587031	0.5981296976995301	0.12005309915899642	0.784954729813068
Etv6_1	0.20621396661408536	0.4026147415854698	0.39846463170187146	0.12786328962561663	0.014285714285714346	2.99573227355399
Exoc1_4	0.18384758207891078	0.6522698405510294	0.7082330937451349	0.3294253672234464	0.1105670158301737	1.3217558399823195
Exosc1_4	0.39992606322406876	0.4564790255173988	1.1804527063098804	0.12786328962561663	0.29166666666666663	1.9459101490553132
Ext2_2	0.20801560103408537	0.734276140511154	0.8669289851252202	0.2147484091984174	0.15263157894736845	2.1400661634962708
Ext2_4	0.20801560103408537	0.734276140511154	0.8669289851252202	0.4488316152317853	0.17156258836720745	0.8266785731844679
Eya3_1	0.19049379004781902	0.9601739171357786	1.0906544796964464	0.5695742372464772	0.2801776162557876	0.5245244681241524
Ezh2_3	0.4417877019659636	0.6149302364560071	1.3343389343624805	0.7884613958698214	0.23414877186033023	0.3886579897917829
Fam110b_1	0.048854175814219275	0.4557211997432884	0.40339599642132173	0.1505766736225763	0.00793650793650802	2.2512917986064953
Fam118b_1	0.20372601292256962	0.49561994355167405	0.9375891069590457	0.6814042302399148	0.21635645081385468	0.44393138893596057
Fam160a2_2	0.058275291663335727	1.0205302833223744	0.9296639682095108	0.4432277377137869	0.1811281908056102	0.8167611365271221
Fam161a_1	0.02307947101033298	0.746513688657003	0.33712373504953963	0.07852866218042835	0.02777777777777779	2.3978952727983702
Fat1_2	0.055289861624979945	1.3913009134103804	0.5514289653241896	0.3629169865251921	0.17342638204707161	1.0531499145913525
Fbxl19_1	0.061756906290924854	0.6135512289857183	0.342001403423823	0.13076828026902382	0.0	1.7917594692280545
Fbxw11_6	0.09429906433230945	1.0281333072655543	0.6794162381811566	0.08821592958356005	0.2592592592592592	2.8332133440562157
Fbxw7_3	0.17427795318114062	0.5262767007731447	0.43295898880959194	0.05504756633090544	0.18253968253968245	2.0794415416798353
Fhl1_3	0.6302318246291578	1.0458377778687116	1.1510187778681658	0.9454597130164804	0.2920066430008116	0.3732042458899428
Fip1l1_1	0.32676696276889805	0.9427799890835062	0.9769798819089439	0.6492822201469113	0.08846702878960977	0.28141245943818566
Fip1l1_2	0.32676696276889805	0.9427799890835062	0.9769798819089439	0.5333162311814149	0.20353457536327652	0.9420432279765697
Fip1l1_6	0.32676696276889805	0.9427799890835062	0.9769798819089439	0.6748363246192994	0.016036824253807147	-0.2076393647782445
Fis1_3	0.09237914902994164	1.3480811067129321	1.595822479260806	1.212355596082527	0.2635616160163199	-0.791127588920149
Fkbp7_nmdSE_1	0.001224415976119323	1.1710522994524748	0.34092202713486003	0.09455610761457907	0.2277777777777778	2.1972245773362196
Fktn_nmdSE_1	0.05783958549360489	0.5743452593814028	0.30838842011796386	0.18512594259161647	0.2625	1.9459101490553132
Flna_1	0.4707582283658682	0.5460875264894948	0.9817225650885204	0.19522626949594227	0.005376344086021501	1.4271163556401454
Fmr1_1	0.21025694358174618	0.5793767694994809	0.6762341148536444	0.24471163257586057	0.1565891472868216	1.4759065198095778
Fnbp4_1	0.11858901105900238	1.2768636407147944	0.8443278248146721	0.27064736667026035	0.0639455782312926	1.491654876777717
Foxj3_3	0.028079176188162157	0.8682104115788396	0.3746873617486888	0.12786328962561663	0.09615384615384615	3.2188758248682015
Fut10_4	0.10109871837437975	0.33649642179365163	0.32591638840283366	0.1825637258270161	0.22188208616780047	1.7917594692280545
Fut10_5	0.10109871837437975	0.33649642179365163	0.32591638840283366	0.05158703422139899	0.20909090909090905	2.3025850929940455
Fxr1_1	0.2580483726987629	1.26724946722423	1.3422198935511973	1.1705788344173742	0.01854155576577332	-1.978345424808467
Gabpb2_1	0.2629547168476167	0.32875521271455466	0.3253943187789206	0.1668646256173004	0.1333333333333333	1.9459101490553132
Ganab_2	0.14869406294050405	1.4804025537442729	1.083028804290457	0.5556499169000908	0.15288543656250259	0.5355182363563621
Gemin7_1	0.30585333865843356	0.40779269363688747	1.3338707426379695	0.6605407334972617	0.1298536096998667	0.46262352194811307
Gfpt1_1	0.083114058870188	0.6277366510843989	0.3116792806786256	0.15333410816776522	0.19584487534626038	2.1400661634962708
Gnb1l_12	0.17389623581858243	0.43100449865620827	0.9566940130042607	0.1478016195678042	0.1473429951690821	2.351375257163477
Gng12_1	0.19315252036488534	0.8372892166572508	0.9745985486909937	0.5024517266011651	0.06333118833118834	0.613104472886409
Gng12_3	0.19315252036488534	0.8372892166572508	0.9745985486909937	0.40952188122185273	0.05945738564786185	0.4187103348581849
Gpbp1_1	0.26571817523287994	0.9991338437368473	1.0348580298580745	0.8434179818962352	0.21336393158209277	-0.019418085857101627
Gprasp1_2	0.2293143792103977	0.34309502364358463	0.5228110475088564	0.18767313160549642	0.21034482758620698	2.1594842493533726
Gripap1_1	0.2424362457371844	0.3370689384588494	0.5942929761521394	0.27064736667026035	0.27533577533577536	2.1690537003695236
Gsk3b_2	0.010925268319638828	0.7919627857724443	0.6537113601717549	0.32574488348507885	0.2690972222222222	2.1517622032594623
Gtf2i_13	0.20179441486421273	1.1458228297430015	0.8409726080669052	0.421544641567452	0.20718216755301155	0.7691330875378674
Gtf2ird1_2	0.32078639010157955	0.4488445441950696	0.946918272466954	0.32758902418344915	0.1465517241379311	1.0531499145913525
Gtf2ird1_4	0.32078639010157955	0.4488445441950696	0.946918272466954	0.3679767852945943	0.06976023976023982	1.1192315758708453
Gtf3c2_1	0.3239473131065398	0.5172539710581618	1.0681295420193213	0.5891542913740742	0.16931401859354117	0.20585205420414898
Gusb_3	0.2409187729766995	0.44222421575314563	0.5889396188513949	0.4389768605601284	0.2578801076212638	1.2110902720947998
Helz_2	0.2063218006630479	0.7499912315025221	0.9424857340782524	0.5356019968889618	0.23238550922761458	1.1700712526502548
Hnrnpab_1	0.43899538690414336	1.1897831971750932	1.485640508926946	1.3209131449316356	0.07284563893385082	-2.6984807500860595
Hnrnpd_3	0.38381442111971453	1.0523038561346942	1.5131557069160189	1.385718966549228	0.11044196564200381	-1.9356536488881242
Hnrnpd_6	0.38381442111971453	1.0523038561346942	1.5131557069160189	0.7560807312306976	0.232643395671972	0.1967102942460545
Hnrnpr_1	0.09303419171535152	1.1604355557443193	1.1397463834330663	0.7166048596338717	0.027843159375655735	-0.48097266061630956
Hnrnpr_2	0.09303419171535152	1.1604355557443193	1.1397463834330663	0.7173555849407787	0.004227808285682366	-0.21357410029805918
Hp1bp3_1	0.15763691764172552	0.44428284728498624	0.7779904899407148	0.4185700101992499	0.10982764149430801	0.8472978603872034
Hp1bp3_2	0.15763691764172552	0.44428284728498624	0.7779904899407148	0.17216096542724882	0.2504761904761904	2.3671236141316165
Hsf2bp_1	0.15751567345060022	1.1285577529968955	1.333586463204704	1.194976603216055	0.2671479837463415	-0.7640989165322298
Huwe1_3	0.7344251654154428	0.6093547122195249	1.0134113731383263	0.15879700386926732	0.1777777777777777	3.367295829986474
Huwe1_9	0.7344251654154428	0.6093547122195249	1.0134113731383263	0.27689631594726183	0.10655533063427802	1.3862943611198908
Icmt_nmdSE_1	0.11114855355115588	0.6016411006950897	0.5142634598755409	0.1825637258270161	0.28582600195503427	1.6486586255873819
Iffo1_1	0.03398515641011646	0.6243766897734154	0.30974175602126286	0.08821592958356005	0.24509803921568624	2.772588722239781
Immt_1	0.31827131847388107	1.03768806747813	1.552435615791632	1.136234795076129	0.2353965114993638	-0.8909729238898653
Ints10_4	0.27288359011112995	0.5163114467452692	1.0763803738351876	0.22418996543125888	0.2571428571428571	2.0476928433652555
Ints2_3	0.2695148600127359	0.5278792093767057	0.6046280792887031	0.15879700386926732	0.29333333333333333	3.367295829986474
Ip6k1_2	0.23139951656238444	0.4719237125781288	0.7733008828400145	0.11902987699777962	0.06363636363636366	1.5040773967762744
Irf9_1	0.1252310139669604	0.3835934694966644	0.5946897567991113	0.1641920357559735	0.11785714285714288	2.564949357461537
Irgm1_1	0.009431481424041465	1.159706482267678	0.3621003019046861	0.2424787511435686	0.24545454545454548	2.3025850929940455
Isca2_1	0.2354269022897041	0.6467477958133401	1.00352809627013	0.7491650678725121	0.2921950598421188	0.9963334395476915
Itch_3	0.07575725315694509	0.5715684383571485	0.544139165529768	0.18767313160549642	0.2028571428571429	2.8033603809065344
Itgb3bp_2	0.031317331628429236	0.6135977615805303	0.6811450512776485	0.2424787511435686	0.15193798449612395	1.8191584434161692
Itgb3bp_4	0.031317331628429236	0.6135977615805303	0.6811450512776485	0.29113675506187203	0.23551587301587296	1.466337068793427
Kdm1a_1	0.14957568525043913	1.2942774582030072	0.9710956913395478	0.3087854603607435	0.1918412698412698	1.9924301646902063
Kdm3a_3	0.41909698593029376	0.4888578515897545	1.023833454191481	0.3402832948116548	0.22023809523809523	1.6945957207744073
Kdm5a_3	0.1987746713839235	1.0722415041640492	0.8833629057360758	0.12786328962561663	0.125	3.2958368660043296
Kif20b_6	0.3579458032739178	1.012763125369069	0.7973951043246785	0.5205248398868602	0.2835982890777411	1.192138346678933
Kif23_1	0.19767852312652248	0.8917320118508667	0.8300523636719259	0.6475239404905725	0.021731911263994874	0.5039051809214169
Kif24_2	0.009579625612186796	1.1116142106373301	0.2946796903212623	0.09769182146743767	0.02777777777777779	2.8332133440562157
Kifc3_1	0.06474065287919689	0.6383450939989015	0.35035318718323116	0.2099495263166486	0.031609195402298895	0.965080896043587
Klc1_2	0.2153635304884878	0.33111450978596135	0.7874177214436267	0.34206684755207195	0.22826939142728608	1.3217558399823195
Klhl26_2	0.04046684125006254	0.4943597020963141	0.17175141538157793	0.09455610761457907	0.25555555555555565	2.639057329615259
Krtdap_1	0.008384063544187498	0.9288205477826761	0.9149745301185815	0.5435087468075498	0.24947430347430344	0.7537718023763803
Ktn1_15	0.30066641720954806	1.067546804154508	1.103195521977505	0.5961511317174422	0.06494974152598787	0.1823215567939544
Ktn1_2	0.30066641720954806	1.067546804154508	1.103195521977505	0.4797218282501878	0.0933973091104438	0.41689380393178693
Ktn1_3	0.30066641720954806	1.067546804154508	1.103195521977505	0.4950064960042163	0.17861677320500857	0.879249460193806
Ktn1_6	0.30066641720954806	1.067546804154508	1.103195521977505	0.4303482095377722	0.18775093370681617	0.5423242908253615
Ktn1_7	0.30066641720954806	1.067546804154508	1.103195521977505	0.5036802832391304	0.10802333631281014	0.5705448584676128
Ktn1_9	0.30066641720954806	1.067546804154508	1.103195521977505	0.5567370125413049	0.14289971900858994	0.2006706954621514
Lef1_1	0.1133528701448189	0.9463767343986152	0.741267241734634	0.5820428778060751	0.24067708777011132	0.675755437848076
Lrp8_2	0.07247370017297136	0.3876566674473693	0.16162316776097194	0.0480987063755776	0.2222222222222222	2.0794415416798353
Lrr1_1	0.1488575228964368	0.5140394959199217	0.9080351382343204	0.8544975236404388	0.23262957603760537	0.20479441264601306
Lrrfip1_2	0.0749412695723909	0.5995812252027553	0.34681857588600934	0.1615028972451923	0.0708994708994709	1.1631508098056806
Luzp1_1	0.07916207514224856	1.216518307354234	1.0866834127448506	0.6706803648481418	0.18171827917993133	-0.09097177820572663
Map3k4_1	0.22630073437709033	0.45504712852999235	0.37327411768840113	0.24023433022111634	0.2914529914529914	2.1690537003695236
Map4k3_4	0.11988648488684528	0.8392850786579372	0.47811939152639804	0.17998630293920545	0.1922824302134647	1.5686159179138452
Mapt_1	0.349191714254105	0.8063525333417741	1.1967044670679619	0.4361196497156476	0.1394417007093064	0.672093771362113
Mapt_2	0.349191714254105	0.8063525333417741	1.1967044670679619	0.4758151049173789	0.09196024675476738	0.41689380393178693
Mapt_3	0.349191714254105	0.8063525333417741	1.1967044670679619	0.421544641567452	0.049370892543446954	0.6466271649250525
Mapt_4	0.349191714254105	0.8063525333417741	1.1967044670679619	0.39242758403373057	0.09476794340924782	1.1837700970084166
Mapt_5	0.349191714254105	0.8063525333417741	1.1967044670679619	0.91324090443531	0.250204315684941	0.0
Mapt_7	0.349191714254105	0.8063525333417741	1.1967044670679619	0.5891542913740742	0.24663021223017323	0.5166907432183888
Mark2_1	0.16365482860005975	0.6983014349098307	0.9562161262169562	0.09139758836974936	0.14814814814814825	2.0794415416798353
Max_1	0.38734430401765196	0.3722189775935483	0.9937652646924882	0.6673267228405539	0.22477216228247365	0.19845093872383843
Mbnl1_4	0.020495485924187342	0.5866055312512602	0.45632229179971434	0.05158703422139899	0.04166666666666674	1.9459101490553132
Mcfd2_1	0.19834576766878076	0.3915204354205257	1.0540679610858508	0.15333410816776522	0.14065934065934071	2.4849066497880012
Mcfd2_2	0.19834576766878076	0.3915204354205257	1.0540679610858508	0.5840866203160615	0.2278857067818108	0.5039051809214169
Mdm1_1	0.08825664275090668	0.4051411331715723	0.36982657026825516	0.2970997020355488	0.1923076923076923	1.5639755383573426
Mdm4_1	0.2496014182280975	0.378543597636272	0.9056921529214336	0.40646345673763284	0.23790922619047628	1.366876275262789
Mdm4_2	0.2496014182280975	0.378543597636272	0.9056921529214336	0.5073452373255358	0.28838282218563926	1.2347444629926896
Meaf6_nmdSE_1	0.11580617466242955	0.8677066633496273	1.2873939029701047	0.6605407334972617	0.16737969230243938	-0.15762894420358303
Med14_2	0.15980991225174915	0.401542983618312	0.3158176052617961	0.24693309256981857	0.24226475279106863	1.8870696490323802
Meg3_3	0.2659597046066885	0.9286475582869224	1.317608440732508	0.6304553628874277	0.11042251606514941	0.07796154146971171
Meis2_1	0.016110929516683435	1.0687705572638246	0.5774512309897502	0.1825637258270161	0.09285714285714286	1.7917594692280545
Metap1d_3	0.1714968676147606	0.6884047006793309	0.6158944697348924	0.32574488348507885	0.26832905982905986	1.6582280766035322
Mff_3	0.20541059537671022	0.5966596820978795	1.4673558280206302	0.9624247992140825	0.16273358252428993	-0.7351113796589775
Mff_5	0.20541059537671022	0.5966596820978795	1.4673558280206302	0.52521996109524	0.28236663336663337	1.6582280766035322
Mfge8_1	0.40518905492397683	0.888508730786169	1.1150711635720159	0.7781512503836436	0.25209994802253266	-0.019802627296179754
Mib2_1	0.2003482530714444	0.31279138042205507	0.5414276506622254	0.15607414553379403	0.10689655172413803	1.8325814637483098
Mier1_2	0.16343018150077632	0.34509730786552534	0.8217115549011834	0.24471163257586057	0.020714285714285685	2.5123056239761152
Mier1_3	0.16343018150077632	0.34509730786552534	0.8217115549011834	0.2424787511435686	0.03240418118466892	2.5389738710582765
Mier1_4	0.16343018150077632	0.34509730786552534	0.8217115549011834	0.22651862774984158	0.008424908424908395	2.4849066497880012
Mis12_1	0.25561337449907706	0.4956124653188405	0.719783728693418	0.39083966825409866	0.10211349497063793	1.1631508098056806
Mllt10_15	0.25774615518995436	0.9371882720872001	0.9846877961349749	0.24023433022111634	0.22801484230055657	1.526056303495049
Mllt10_3	0.25774615518995436	0.9371882720872001	0.9846877961349749	0.4823069220846812	0.2747707336523125	1.8870696490323802
Mocs2_4	0.16239391397126	0.5920220943500789	0.8878090672886356	0.715852834369074	0.26873072640035245	0.5690945318899662
Mpzl1_1	0.3828214035157861	0.6198651534746885	1.182034864184697	0.9245586649598425	0.01651132025072377	-0.578736829382201
Mrpl24_1	0.08708911041143469	1.513460527101596	1.522403525133189	1.0494974015681424	0.13280410081790783	-1.0021520224805474
Msl3_1	0.08976523903272267	0.441902952369556	0.3824988283297699	0.23571038846107012	0.19511278195488724	1.3217558399823195
Mta1_2	0.07548811780305112	0.6419825516333136	0.4919256616871153	0.05848074216929946	0.11818181818181817	2.3025850929940455
Mtif2_1	0.05493163093929786	1.8730317952853146	0.9694499361549243	0.4432277377137869	0.23201921393557434	1.0169342576538425
Mtif3_1	0.29704605739236184	0.3041955735290115	0.6545115115174631	0.19272312434213798	0.08777777777777779	1.1895840668738367
Mtif3_2	0.29704605739236184	0.3041955735290115	0.6545115115174631	0.2643071886392413	0.0660956929249612	1.2685113254635074
Mtmr14_5	0.09470619721642934	1.2857180704055176	0.8909484598549844	0.5036802832391304	0.2283130306386123	0.7817005779013904
Mtmr14_8	0.09470619721642934	1.2857180704055176	0.8909484598549844	0.6368220975871743	0.2911567945723542	0.7419373447293771
Mtmr2_1	0.09392656537238622	0.8176454825188308	0.9528945347594288	0.46789462128128156	0.05104843246155433	0.7765287894989961
Mtmr2_2	0.09392656537238622	0.8176454825188308	0.9528945347594288	0.3876463120877483	0.14962034493284487	1.0169342576538425
Mtmr3_2	0.1472125624057072	0.6280676532025543	0.3263589366672974	0.22651862774984158	0.06562137049941924	1.7635885922613586
Mtss1_2	0.19783529269818417	0.8375577557132472	0.4488857819395958	0.17216096542724882	0.2655913978494624	2.233592221507094
Mvk_1	0.22229580540837832	0.35403330289896107	0.9888951707362817	0.5263858530220301	0.24681354310983944	0.5839478885949532
Mycbp2_4	0.0608495601175033	1.2562207935935175	0.31063572414280466	0.05158703422139899	0.23333333333333328	2.1972245773362196
Myef2_9	0.13202576088377158	0.5028354074502506	0.883169242806962	0.5344606178301528	0.06373018683145282	0.4372138064227448
N4bp2_6	0.15540570728913616	0.5061928324845053	0.4336946739565716	0.02655902851946796	0.16666666666666669	0.4054651081081642
N6amt1_1	0.19187264130602352	0.7076942289928889	0.7741099519141812	0.9305681576151352	0.23516825788484474	0.06062462181643484
Nap1l4_1	0.5090746078041326	0.6259557966351117	1.4982763718196388	1.0168828300330552	0.06509274117286434	-1.586965056582042
Nbr1_2	0.20104144312388345	0.884209398108122	0.9275111398607689	0.4018350525555618	0.11394541912936573	0.8109302162163288
Ncoa6_3	0.027749679841985963	2.337364767556637	0.5682247475870437	0.2099495263166486	0.27095238095238094	1.1895840668738367
Ncor1_2	0.3968625940979572	0.9211558889369694	1.304039430344912	0.6773109437471547	0.18978673887137287	0.8183103235139513
Ncor1_3	0.3968625940979572	0.9211558889369694	1.304039430344912	0.1478016195678042	0.24712643678160906	2.6026896854443833
Ndel1_1	0.1671600902052878	0.49641023486892943	0.6878319597085082	0.32203294223936163	0.12598083258460618	1.4586150226995171
Ndrg2_1	0.15993504483210993	0.38263354579818687	0.2974221012454834	0.1505766736225763	0.2466666666666667	3.178053830347945
Ndrg3_1	0.03971503848499012	0.8967519737311324	0.7873872729988861	0.4432277377137869	0.2759093245935351	1.0986122886681098
Ndufs1_5	0.3020280390793925	0.7686302825792004	1.5324557579897318	0.7225746372314332	0.16329455976147678	-0.019802627296179754
Ndufs1_6	0.3020280390793925	0.7686302825792004	1.5324557579897318	0.8473280550906429	0.017901003710674934	-0.8145080375642126
Nfya_3	0.16702158292973668	0.6868671343816897	0.40611824817179	0.13076828026902382	0.14444444444444438	1.6094379124341007
Nfya_8	0.16702158292973668	0.6868671343816897	0.40611824817179	0.13936845203094142	0.23188405797101463	1.55814461804655
Nipal3_2	0.04677698774277315	0.9934599278170194	0.3310917556796765	0.10080505689158058	0.09047619047619049	1.7917594692280545
Nktr_nmdSE_1	0.09757143294350105	0.9084833852232652	0.7205622833641687	0.2664308822690969	0.11563307493540048	1.4759065198095778
Nmi_1	0.04834591022117471	0.3976601571339531	0.3440526937473536	0.19771506989963697	0.14824561403508763	1.6094379124341007
Nmi_2	0.04834591022117471	0.3976601571339531	0.3440526937473536	0.14219774204980565	0.23737373737373746	2.8332133440562157
Nol12_3	0.34752937025452557	0.3985323468442641	1.5430905269200452	0.13936845203094142	0.2163561076604555	1.55814461804655
Nqo2_4	0.1666374954447087	0.32885329691507864	0.4094954515928496	0.48615593825559766	0.2901378077848666	1.3694872428035092
Nrf1_5	0.22150243761617844	0.8147380636815433	1.2676621498349239	0.7067254690327811	0.00040848478702232294	0.2623642644674909
Nt5c3_2	0.14178810279295437	0.3175409660268698	0.779970492674619	0.32016500610424226	0.2290071584189231	1.0726368022648491
Nuf2_1	0.1765558083897975	0.864650842117942	0.8273162298707365	0.5921667507258532	0.2101715131201497	0.958850346292951
Numb_1	0.14915861984551698	0.3915872677619223	0.6103067915020555	0.19272312434213798	0.18972222222222224	2.1972245773362196
Numb_3	0.14915861984551698	0.3915872677619223	0.6103067915020555	0.2951211360534609	0.2602020202020202	1.6314168191528753
Numb_4	0.14915861984551698	0.3915872677619223	0.6103067915020555	0.2513422114748737	0.12777777777777777	1.3862943611198908
Ociad1_1	0.23312857921115107	1.3814038146934855	1.468816996446881	1.0157523448431345	0.2759868668483981	-0.9765095918672098
Ocrl_2	0.167383106178081	1.3827450731670878	0.6212655423803399	0.28711548112894786	0.253623188405797	2.104134154270207
Odf2_2	0.2591839090106686	0.7510021433394843	1.204970769540677	0.5468537786092094	0.2060406379707771	0.5039051809214169
Opa1_1	0.32988282630503857	0.4427841323272803	0.6520067595724698	0.4361196497156476	0.1588270177311275	1.4384801142904609
Opa1_2	0.32988282630503857	0.4427841323272803	0.6520067595724698	0.3164048572309355	0.25084745762711863	0.9886113934537809
Os9_1	0.1362900789888575	0.6998173289703519	0.22131460564899139	0.15879700386926732	0.10215053763440862	3.4011973816621563
Osbpl1a_7	0.23185938971819522	0.4019813090051588	0.9725284073293773	0.5133855917465082	0.29785354768266603	1.3382851419335302
Pacsin3_3	0.13291021143518794	0.37605974932027786	0.39315813614660594	0.12199435596151867	0.09365079365079365	2.2512917986064953
Pacsin3_4	0.13291021143518794	0.37605974932027786	0.39315813614660594	0.12199435596151867	0.11499999999999999	2.1972245773362196
Patz1_3	0.22138055980349639	0.7874513616310134	1.1177129796809981	0.6322839739338357	0.19686843601909643	0.24613306953890837
Pbrm1_1	0.3960038627411384	0.6591225712709222	0.6117382902652063	0.27689631594726183	0.20350656288156288	1.3862943611198908
Pbrm1_12	0.3960038627411384	0.6591225712709222	0.6117382902652063	0.12493873660829992	0.09999999999999998	1.9924301646902063
Pbrm1_3	0.3960038627411384	0.6591225712709222	0.6117382902652063	0.08821592958356005	0.1777777777777778	1.8718021769015918
Pcm1_1	0.16584932083896697	0.8623372281271543	0.5636746310794465	0.20265028757514922	0.24593495934959342	1.9740810260220096
Pdss1_2	0.18629636175637113	0.8617988868284361	1.211156033549867	0.97129256877052	0.2920696160771783	0.3429447511268303
Pex5_3	0.19425594167222163	0.6786321828190985	0.7616418654658418	0.4432277377137869	0.17561973681376664	0.7156200364120041
Pfkfb2_3	0.17522456798243496	0.33743696593008393	0.2091894842084982	0.05158703422139899	0.16666666666666663	1.3862943611198908
Pgap2_12	0.12292902509203502	0.4649991961372964	0.9559460365710692	0.10696536559639905	0.2543859649122807	2.8903717578961636
Phactr4_2	0.2046180769747633	0.32768518986684475	0.4138492272433015	0.14500871938363402	0.05654761904761907	2.564949357461537
Phc1_1	0.3411767680296373	1.1533255681093681	1.0622587747885905	0.5145836462494551	0.04910938059434311	0.39465419200394863
Phc1_2	0.3411767680296373	1.1533255681093681	1.0622587747885905	0.6613948035501013	0.1623163873163873	0.1910552367627094
Phc3_nmdSE_1	0.17104463204590353	0.3231688677414329	0.2410622103710492	0.10080505689158058	0.13888888888888884	2.8332133440562157
Phc3_nmdSE_2	0.17104463204590353	0.3231688677414329	0.2410622103710492	0.08821592958356005	0.06666666666666665	1.7917594692280545
Picalm_2	0.23085145094036233	0.515022123017364	0.7054653013418104	0.2664308822690969	0.18772189349112423	1.7047480922384253
Pigv_1	0.18103246889046076	0.353238873745645	0.39280580158375733	0.24023433022111634	0.0870535714285714	1.6863989535702288
Pigx_nmdSE_1	0.1492184150115561	0.6880627925839002	1.1134551072244336	0.441815396690529	0.24950949268596329	1.3862943611198908
Pkp4_12	0.2532470266139367	0.40033519672521656	0.6761214857543588	0.31828900110548686	0.018185550082101765	1.9859154836690123
Plagl1_1	0.21633621132839906	0.3735579956599164	0.7561579102307179	0.13652060915811512	0.19028571428571428	2.442347035369205
Plekha4_1	0.0667883983700144	0.6562072243903849	0.9420341683595718	0.5412643258850975	0.21465194982992536	0.5978370007556204
Plekha4_4	0.0667883983700144	0.6562072243903849	0.9420341683595718	0.2970997020355488	0.16322437252669808	1.3291359472799418
Plekha4_5	0.0667883983700144	0.6562072243903849	0.9420341683595718	0.2990692948984533	0.09839234839234845	1.2039728043259361
Plekha4_6	0.0667883983700144	0.6562072243903849	0.9420341683595718	0.5240509308283885	0.2358886181227623	0.5020919437972362
Pml_3	0.29179433159409784	0.7159305514269557	0.9248915780356767	0.687070781036311	0.17986040045840723	0.3327057538257363
Pnpla6_2	0.27298317492515595	0.6276194839171093	0.8231631624696969	0.06526673151259157	0.30000000000000004	2.0794415416798353
Pou2f1_1	0.09052274018689861	1.2982997958342426	0.9577477835835276	0.06526673151259157	0.02777777777777779	2.3978952727983702
Pou2f1_2	0.09052274018689861	1.2982997958342426	0.9577477835835276	0.4887031272694776	0.1314025978529022	0.8842024173226547
Pphln1_4	0.27529344902911707	0.339021406777637	0.4155205656480799	0.3330749221614802	0.2706349206349207	2.1400661634962708
Pphln1_6	0.27529344902911707	0.339021406777637	0.4155205656480799	0.3294253672234464	0.15879120879120884	1.0986122886681098
Ppip5k1_3	0.07516904109877957	0.46119647934457997	0.5472319030830204	0.15879700386926732	0.1376811594202898	2.351375257163477
Ppm1b_1	0.3773093443123436	0.574589444148685	0.7491691526986798	0.3068595393247051	0.030413154097364614	1.3217558399823195
Ppp3cb_1	0.057954414712551285	1.2745971459614807	0.6037757254544877	0.24693309256981857	0.22111111111111104	1.8718021769015918
Ppp4r1l-ps_6	0.026551297788056656	0.8138005566137273	0.35378410009902883	0.1505766736225763	0.2947845804988662	1.4469189829363254
Ppp4r1l-ps_8	0.026551297788056656	0.8138005566137273	0.35378410009902883	0.15879700386926732	0.21153846153846156	3.2188758248682015
Ppp6r3_2	0.6424403751720296	0.42275210383728257	0.7858047954975987	0.36121720164729776	0.23432165318957787	1.1239300966524
Pramef8_2	0.16366794076172422	0.4397774803924196	0.44976606134345865	0.16952086926104046	0.058058608058608074	1.4350845252893227
Prc1_3	0.19018426239236433	0.9703905808164693	1.3284402903710877	0.7044133367824036	0.29195695467010374	0.6603573577369544
Prc1_4	0.19018426239236433	0.9703905808164693	1.3284402903710877	0.6605407334972617	0.007593105412951551	0.0454623740767572
Prc1_6	0.19018426239236433	0.9703905808164693	1.3284402903710877	0.5446266225390504	0.1827044322491721	0.8109302162163288
Prmt1_3	0.5844614790398074	0.9351800802294115	1.362409941018656	0.5501732430389167	0.21091845890607513	0.26469255422708216
Prmt1_6	0.5844614790398074	0.9351800802294115	1.362409941018656	0.5133855917465082	0.273024723024723	0.49643688631389105
Prpf39_2	0.046838102030467094	1.46850791077752	0.677620761806036	0.2424787511435686	0.05362103174603178	1.6094379124341007
Prpf39_nmdSE_1	0.046838102030467094	1.46850791077752	0.677620761806036	0.45160666928655746	0.11155437793368833	0.7621400520468965
Prr13_1	0.37031875346899784	0.4476405058365012	1.307916179010368	0.8239087409443188	0.22056554997249073	-0.4595323293784402
Prrc2b_5	0.3173624270140434	0.8981907182526658	0.9217550921324269	0.44039844769492265	0.03435484703090341	0.6097655716208944
Prrg2_1	0.09801738335721334	0.416406304774112	0.42427471139371975	0.19522626949594227	0.24305555555555558	3.4339872044851463
Prrg2_2	0.09801738335721334	0.416406304774112	0.42427471139371975	0.1668646256173004	0.22499999999999998	3.367295829986474
Pstk_1	0.09764815675809409	0.6640482117374367	1.1401009559169464	0.7709183212051256	0.17571545325232074	0.1278333715098848
Ptk2_2	0.1421139036593445	0.6309336866691547	0.5384583469876627	0.1505766736225763	0.13958333333333334	2.70805020110221
Ptprg_1	0.18190501626902106	0.4663398700265603	0.48863819996173014	0.1478016195678042	0.07051282051282054	2.0368819272610397
Ptprk_1	0.20323052358000945	0.4294439961597223	0.26300627278792094	0.11001305867840436	0.27391304347826084	3.0910424533583165
Puf60_1	0.2446255054449467	1.2924338324956064	1.4557406651411195	0.9141953981863409	0.06947100463962519	-0.9367692632176957
Pum1_16	0.2377676574818939	0.7756041212485734	1.0150630713518256	0.3844293012157505	0.2577082121858242	1.4240346891027376
Pum1_7	0.2377676574818939	0.7756041212485734	1.0150630713518256	0.3844293012157505	0.24534632034632042	1.7227665977411037
Pum2_2	0.12193331796445987	1.1324399721053071	0.8036526841875957	0.5881454767929291	0.12119181955783287	0.22314355131420993
Pum2_nmdSE_1	0.12193331796445987	1.1324399721053071	0.8036526841875957	0.1902054681208915	0.27906976744186046	3.7376696182833666
Pxn_1	0.23324318159638996	0.33074210239181917	0.27257525205669403	0.0480987063755776	0.2222222222222222	2.0794415416798353
Qrich1_2	0.09481319034765028	1.1083445599361306	1.1193421311792964	0.48487671941642474	0.1446063118559977	0.39465419200394863
Qrich1_6	0.09481319034765028	1.1083445599361306	1.1193421311792964	0.3577975423891605	0.09572722127900402	0.8167611365271221
Qrich1_8	0.09481319034765028	1.1083445599361306	1.1193421311792964	0.5121842231190005	0.10441654895117303	0.2803019651541585
Rab11fip1_1	0.16241344204706362	0.6935663830904062	0.26210288859489217	0.16952086926104046	0.09583333333333333	3.4339872044851463
Rabggtb_nmdSE_1	0.42208606325764586	0.7245854913606061	1.4418766310191744	0.9585681874502531	0.018122880944034636	-0.9852836033611067
Racgap1_1	0.26023841964126254	0.853254009888379	1.2452974657011127	0.8047102789031115	0.20887324002285362	-0.36974702550608496
Racgap1_2	0.26023841964126254	0.853254009888379	1.2452974657011127	0.3662967271765728	0.14273025824749963	0.719122666963206
Rad18_2	0.30407913193755925	0.4162518021925366	0.6728349571243692	0.5097714697916617	0.0719428458865079	0.37037378829689427
Ranbp17_2	0.1900957393288026	0.6091108314453947	0.47809236395506116	0.17478510925339769	0.23886554621848743	1.5404450409471486
Rap1gds1_1	0.09130775128813229	0.3442948593011118	0.3216593497333257	0.1505766736225763	0.294139194139194	2.2512917986064953
Rbbp6_1	0.31377858257265007	0.9060093727688315	0.6819576897144778	0.2535300976230492	0.11417508417508426	1.3862943611198908
Rbm26_2	0.0580636588188746	1.469100622954281	0.6759319687146537	0.3402832948116548	0.04833737690880552	1.526056303495049
Rbms1_1	0.33447368702175967	0.3277712818372347	0.7158817049987225	0.4230243516254999	0.2815265815265815	1.1349799328389847
Rbpms_15	0.42788802360112027	0.5946236102856222	1.1400649843969066	0.7748784806989828	0.24962667652587678	0.01980262729617973
Rcc1_3	0.2914250397709941	0.7116739137150907	1.3540483652971056	0.9418962511213474	0.29860138183694457	-0.22738984219566089
Rffl_1	0.059268463237000024	0.4592408043020563	0.4425416027442989	0.11604502344831745	0.06390977443609014	2.8903717578961636
Rffl_3	0.059268463237000024	0.4592408043020563	0.4425416027442989	0.2748233073243965	0.18244949494949492	1.9459101490553132
Rfx2_3	0.2523033857079827	0.3713144074666098	0.5644168590051393	0.12493873660829992	0.030020703933747395	2.351375257163477
Rfx3_2	0.044481016915149225	0.3877548348587799	0.1760738546753762	0.03385826726096742	0.03333333333333338	0.6931471805599452
Rgs19_2	0.14933671045436447	0.631065744444873	1.0533459242632464	0.5941635104819285	0.28585061064052664	0.9162907318741551
Rhbdd2_nmdSE_1	0.14606193412997642	0.6501336740981435	0.793275184890678	0.4975024481725224	0.29303814830775615	1.3350010667323398
Rhot1_1	0.21577763451689072	0.5650200998469239	0.7044079428294989	0.15333410816776522	1.1102230246251565e-16	1.9095425048844386
Rhot1_3	0.21577763451689072	0.5650200998469239	0.7044079428294989	0.3526170298853802	0.2205275443510738	1.1895840668738367
Rhot1_4	0.21577763451689072	0.5650200998469239	0.7044079428294989	0.17998630293920545	0.09259259259259256	2.3978952727983702
Rhot1_5	0.21577763451689072	0.5650200998469239	0.7044079428294989	0.372978312533088	0.2130408198204809	0.8232003088081432
Ric8b_2	0.07105326594120165	0.544791615435181	0.24423513706449737	0.09769182146743767	0.15555555555555556	2.8332133440562157
Rnf130_1	0.012498600232394803	0.8344334686886123	0.29362312737651575	0.2334306221661715	0.29393939393939394	1.5040773967762744
Rnf138_3	0.20077359134880782	0.6399723418417954	0.9704525736154813	1.0622261509580289	0.18361249639113386	-1.363304842895192
Rnf146_1	0.054794711736998424	0.8010634569804833	0.6603985222876538	0.2535300976230492	0.12364341085271319	1.637608789400797
Rnf14_3	0.05838958622879898	0.987210101806627	0.6281401543064137	0.35607756199488666	0.12364130122750816	1.1451323043030024
Rnf32_2	0.042270202043348075	0.37349594249083806	0.40670455579864134	0.2099495263166486	0.16666666666666663	2.564949357461537
Rpain_8	0.19180177517541114	0.5047890173636278	1.2202325617730885	0.41255891794733485	0.02529935950988582	1.4307461236907242
Rpap1_2	0.30451627662297037	0.6861521439219836	0.7968418115566769	0.421544641567452	0.16873119618217658	1.4469189829363254
Rpe_1	0.256645946788289	0.5440614227601082	1.3014741714764146	0.2643071886392413	0.18165374677002577	2.5902671654458262
Rrp36_1	0.37646565665955234	0.5102807654153879	1.224997769226691	0.12493873660829992	0.17058823529411765	2.772588722239781
Rsrc2_6	0.20325058785812286	1.0194730180215756	1.3459065007773976	0.9378520932511556	0.29108066751309125	-0.2708749541353996
Rsrc2_nmdSE_3	0.20325058785812286	1.0194730180215756	1.3459065007773976	0.421544641567452	0.23224246731709414	1.0788096613719302
Rtel1_3	0.3069454861229978	0.5539245004362381	1.4401004612685777	0.599115610681181	0.25513505905072187	0.675128675057267
Rtn4_2	0.510096199094713	0.5034327666987204	1.1572480843297068	0.20018968902749237	0.14351851851851855	2.0794415416798353
Sbno1_1	0.44955517304265097	0.47320939957244446	1.192665775990946	0.48615593825559766	0.1483286233286235	0.8109302162163288
Sbno1_6	0.44955517304265097	0.47320939957244446	1.192665775990946	0.7128316431807326	0.05532048742536577	-0.4700036292457356
Scaf1_1	0.2239978424429312	0.42838535231048136	0.691942422553655	0.3294253672234464	0.01634749431359611	1.2636920390275586
Scarb1_1	0.259250592078924	0.47735782461287746	0.922117873128564	0.7328282715969863	0.07381564441597704	-0.06187540371808741
Sdccag3_1	0.15334480551997343	0.6601612706122058	0.8699591481906435	0.2334306221661715	0.2026190476190477	1.5505974124111666
Sdccag3_3	0.15334480551997343	0.6601612706122058	0.8699591481906435	0.2535300976230492	0.19955141476880606	1.4136933353080052
Sdccag3_9	0.15334480551997343	0.6601612706122058	0.8699591481906435	0.40646345673763284	0.09178714693068757	0.8329091229351043
Sec16a_3	0.14683231960105195	0.8166721571171094	0.6334871932370449	0.34384310557787506	0.1289334447229184	1.547562508716013
Senp1_2	0.4113689850905166	0.3278075986851594	0.7029005004747885	0.36965036918416055	0.18967851145270498	1.232143681292632
Senp6_6	0.18510925665153558	1.1837041104116781	0.8917193472091355	0.10080505689158058	0.2407407407407407	2.8332133440562157
Senp6_9	0.18510925665153558	1.1837041104116781	0.8917193472091355	0.3940097150436052	0.06037735849056608	1.339774345484998
Senp7_1	0.00541621207295985	1.4524158636989601	0.33463688860880364	0.20509702352223655	0.20959595959595956	2.1972245773362196
Senp8_1	0.06638779766655573	0.37559129889162324	0.24981402911530318	0.2334306221661715	0.27387387387387385	1.4552872326068425
Serpinh1_1	0.2632061954803006	0.5103430048321627	0.8855762987123121	0.07852866218042835	0.16666666666666674	2.772588722239781
Serpinh1_2	0.2632061954803006	0.5103430048321627	0.8855762987123121	0.05158703422139899	0.04999999999999999	2.1972245773362196
Setd5_1	0.16635843157579747	1.19964434924116	0.9605817315133339	0.34912870203955887	0.017404503253559855	1.339774345484998
Setd5_2	0.16635843157579747	1.19964434924116	0.9605817315133339	0.5501732430389167	0.23939002764303985	1.1474024528375417
Sf1_2	0.38124023699805487	0.5662549439926784	1.2280832856185266	0.7044133367824036	0.16850552279308212	-0.4219944100593748
Sin3a_5	0.07383723180851658	1.4592028985163692	0.8711050517352584	0.27064736667026035	0.1915032679738562	1.8382794848629482
Sirt2_1	0.09205074473126824	1.0721470302842384	0.6602507209869676	0.4018350525555618	0.0495206611570248	0.8043728156701697
Slc22a17_1	0.12278147582715045	0.44584341753026036	0.29222194348511066	0.13936845203094142	0.2598343685300206	2.351375257163477
Slc25a26_3	0.13788929949121062	0.48057928122989985	0.6208208648099608	0.39558610327856025	0.28495670995670985	1.8718021769015918
Slc25a40_2	0.09768556070804549	0.3127821691850956	0.38909337394273225	0.11001305867840436	0.11458333333333326	1.9459101490553132
Slc25a40_4	0.09768556070804549	0.3127821691850956	0.38909337394273225	0.1641920357559735	0.2588477366255143	1.4816045409242151
Slc37a3_2	0.23863206169156662	0.5727590406152463	0.7720708560282242	0.08178181957815023	0.12637362637362637	2.4849066497880012
Slc37a3_4	0.23863206169156662	0.5727590406152463	0.7720708560282242	0.1902054681208915	0.20074441687344913	2.233592221507094
Slc37a3_6	0.23863206169156662	0.5727590406152463	0.7720708560282242	0.13936845203094142	0.08695652173913043	3.0910424533583165
Slc37a3_8	0.23863206169156662	0.5727590406152463	0.7720708560282242	0.1668646256173004	0.20645161290322583	2.674148649426528
Slc38a6_7	0.045353613073697806	0.462457889757638	0.37257035894845414	0.12493873660829992	0.2619047619047619	2.1972245773362196
Slc4a1ap_3	0.12566323762381454	0.7113168704121995	0.8316702928270047	0.44039844769492265	0.0489449112978525	0.47000362924573574
Slc4a1ap_4	0.12566323762381454	0.7113168704121995	0.8316702928270047	0.3312539782698546	0.28191341991341967	1.9924301646902063
Slmap_10	0.23654484898029937	0.458892935723374	0.4976594377250818	0.07525095241919245	0.18627450980392157	2.772588722239781
Slmap_5	0.23654484898029937	0.458892935723374	0.4976594377250818	0.10389613386872243	0.03030303030303033	3.044522437723424
Slu7_1	0.20873132586568097	0.7372856363060454	1.001118576041838	0.6350125346279057	0.15402721536595781	-0.11506932978478723
Smarcad1_3	0.1795484922954335	0.9859033619722931	1.3736528250300566	0.8711309697632676	0.03256573435007071	-1.1786549963416462
Snx11_2	0.1527628637331564	0.4181845500663792	0.5779083338209227	0.3828118152421314	0.1557199630970123	1.4069136483226263
Socs6_1	0.011484988702629218	0.6658289486963905	0.5882818454577462	0.18512594259161647	0.02972972972972976	1.8562979903656267
Sorbs1_1	0.13276349906745025	0.37282667463013563	0.21304351028956992	0.12786328962561663	0.0789915966386554	1.5404450409471486
Sorbs1_2	0.13276349906745025	0.37282667463013563	0.21304351028956992	0.17739349236092583	0.17333333333333334	3.367295829986474
Sorbs1_5	0.13276349906745025	0.37282667463013563	0.21304351028956992	0.07852866218042835	0.29333333333333333	1.8718021769015918
Spag9_3	0.15034161795452575	0.7241525611072752	0.31022371008056276	0.05504756633090544	0.041666666666666685	2.3978952727983702
Spata5_1	0.20083346236446606	0.5981183998578996	1.2065806387115343	0.7143448659029731	0.2716993087045526	0.0
Spata7_1	0.03932986977382479	0.9306159306679262	0.6198029015301968	0.44743741024018013	0.2348266210426	1.331234583936863
Spen_4	0.16899998432111876	1.1207727201331488	0.43011690857948015	0.219494844222879	0.13770809136662798	2.5389738710582765
Spg20_1	0.1165841426957628	0.39567847637795395	0.34829464982011904	0.15333410816776522	0.2304147465437788	2.674148649426528
Srrm2_3	0.07989482058564262	2.07834573682563	1.5794496478882394	0.9940911403894797	0.2955898144019824	-0.1655144384775733
Srsf11_6	0.3263133067341534	1.03137335504268	1.5999624481294858	0.24471163257586057	0.029914529914529808	1.519825753744413
Ssbp2_2	0.12444992647864415	0.3832508383921239	0.41832568084508126	0.19522626949594227	0.2833333333333333	1.466337068793427
St7l_1	0.011845966077377793	0.7273218844184235	0.3919616853500723	0.10696536559639905	0.16666666666666669	2.8903717578961636
Strada_3	0.07990010302137641	1.0726993228741235	0.977838047304723	0.33849238719377384	0.24063817446170388	1.5404450409471486
Strn3_5	0.06452183705398624	1.502290140919583	0.48878569589213805	0.13365396850651196	0.23333333333333334	2.442347035369205
Sun1_1	0.19813385797309602	0.8155889217266726	0.8915942184353827	0.5567370125413049	0.22325638562480687	0.7129498078561248
Suv39h2_3	0.12548989294798213	0.719246965650227	0.36348682979286734	0.1478016195678042	0.08461538461538454	3.2188758248682015
Svil_2	0.12932188116292162	0.39207795424412006	0.6180809359879924	0.34206684755207195	0.04730711465405346	1.126011262856224
Syce2_2	0.30831687200091273	0.9073283337455827	1.5350344438452266	1.1486359992325295	0.08595618654866799	-1.330413902725434
Syne2_2	0.1357701554798643	0.9550123579585946	0.7259201879772174	0.2557070168773237	0.08759689922480618	1.4759065198095778
Tada3_2	0.2364073303166882	0.5630894346289446	1.2233123363157892	0.8840959469276353	0.16004069529764237	-0.6931471805599454
Tbc1d13_nmdSE_1	0.04537591449270592	2.0096006583200863	0.8407919373316833	0.27689631594726183	0.2556110556110556	1.6650077635889113
Tbl1x_1	0.43301038504707273	0.6753300859369823	0.7886759047659437	0.32574488348507885	0.24929029304029304	1.4350845252893227
Tbp_2	0.20903990870227304	0.521181402888503	1.0786237693111917	0.7013112201509213	0.07254507053853654	0.0
Tbp_4	0.20903990870227304	0.521181402888503	1.0786237693111917	0.47842348802490703	0.07038592720410913	0.4946962418361071
Tbp_5	0.20903990870227304	0.521181402888503	1.0786237693111917	0.5941635104819285	0.22726638487983836	0.616186139423817
Tbp_8	0.20903990870227304	0.521181402888503	1.0786237693111917	0.7113131294591907	0.07940441218268146	-0.04762804898925459
Tbx3_2	0.4913850162226627	0.5121193393261156	0.8841328499386074	0.4987450655636182	0.04401901203371794	0.5423242908253615
Tcerg1_5	0.10860925762013998	1.4983579704206806	0.9141937057161995	0.7878241331261278	0.17237691069972372	-0.05826890812397576
Tcf12_3	0.13236643086432343	0.4134409828655988	0.466390654943313	0.12493873660829992	0.03333333333333327	3.178053830347945
Tcf7l1_1	0.4486912476158257	0.3261713080697679	0.5844778226029719	0.22184874961635634	0.06709401709401708	2.0794415416798353
Tcof1_2	0.21109632853219668	1.6895098348775737	1.1226293938991472	0.9108454516887059	0.058836610823302604	-0.5007752879124893
Tfdp2_14	0.13182694584457766	0.8338230974447354	0.7546189729964992	0.42449903719150556	0.2866891173342787	1.232143681292632
Tfdp2_6	0.13182694584457766	0.8338230974447354	0.7546189729964992	0.1615028972451923	0.24735449735449738	2.3978952727983702
Thap6_2	0.05560198513367691	0.47763030748853536	0.2333238915120911	0.0445821326527405	0.11111111111111116	1.6094379124341007
Thrap3_5	0.2364603702001219	0.7742676052080077	1.3226929240327308	0.7748784806989828	0.13994455356456825	0.07847161544149531
Tia1_nmdSE_1	0.11696060597920772	0.8361870993968572	0.9029116246840789	0.3762809480831736	0.2713655832703452	0.9954280524328787
Timm9_2	0.14047983654970378	0.6982355239681786	1.3437185524524127	1.0399675994434077	0.06657850731679438	-1.1239300966523997
Tk2_2	0.14708521055435567	0.5170827540689263	0.3784401234701711	0.2891307723642735	0.2704318936877076	2.5902671654458262
Tlk1_2	0.299650703334768	0.4618071344531055	0.6290807395456388	0.2424787511435686	0.2338399189463019	2.1282317058492675
Tlk2_7	0.07517609625208295	0.9096955803444748	0.6238459432637707	0.1478016195678042	0.27142857142857146	3.2958368660043296
Tm2d3_3	0.09657778792665964	1.3937923777375851	1.2152755977416265	0.219494844222879	0.24331065759637188	1.7917594692280545
Tm2d3_4	0.09657778792665964	1.3937923777375851	1.2152755977416265	0.2891307723642735	0.0884263689526848	0.7308875085427926
Tmem134_1	0.16275205497041587	0.7563529000451539	1.5326534097705806	1.1045117179291275	0.295045731585197	-0.18571714579509283
Tmem161a_1	0.2916537993399555	0.3928567366438129	0.7433617861553478	0.3646101445446371	0.23293885601577913	1.5639755383573426
Tmem161a_11	0.2916537993399555	0.3928567366438129	0.7433617861553478	0.12493873660829992	0.2188405797101448	2.351375257163477
Tmem40_2	0.13133644002552058	0.7328421172201365	0.6758696966402226	0.09455610761457907	0.051515151515151514	0.5596157879354227
Tnks2_2	0.1436536834375545	1.5282559900935118	0.7311053701642257	0.39872181713141885	0.25361160857785736	1.3062516534463542
Tor1aip2_3	0.1740327703793277	1.2868360638629994	1.4317043295066678	1.0438753880184914	0.03815824288383263	-1.5099083170870673
Traf6_1	0.25457991453687595	0.3413026527441305	0.3237425464523909	0.219494844222879	0.1644444444444445	2.3671236141316165
Trip12_1	0.4379958667416917	0.8158711254868506	1.3364557052854487	0.31261186821379633	0.19496116176967243	0.6613984822453648
Trnau1ap_15	0.13750170367951192	1.660443024295003	1.2583396291519793	0.2748233073243965	0.14166666666666677	1.466337068793427
Trnau1ap_2	0.13750170367951192	1.660443024295003	1.2583396291519793	0.15879700386926732	0.22688172043010746	2.674148649426528
Trp53i11_1	0.07730814116122657	1.0070729629731725	0.48466552546331515	0.1615028972451923	0.29594356261022925	1.4816045409242151
Trp53inp1_1	0.1466748774861887	0.7227844716756916	0.6530228984001183	0.32016500610424226	0.009400352733686113	1.3862943611198908
Ttc13_1	0.3046639373529683	0.310365437480917	0.729234106834125	0.2379782499168922	0.1070048309178745	2.104134154270207
Ttc13_2	0.3046639373529683	0.310365437480917	0.729234106834125	0.3402832948116548	0.24534050179211464	1.5339303599259555
Ttc14_4	0.18683938494253946	0.5874213950239755	0.8356076046122485	0.40338334111842244	0.20575235575235584	1.287854288306638
Ttc3_1	0.24826367789887518	0.9614459318645203	0.9119404780105176	0.10696536559639905	0.18333333333333335	2.9444389791664394
Ttc3_3	0.24826367789887518	0.9614459318645203	0.9119404780105176	0.28711548112894786	0.23623188405797102	1.897119984885881
Tuft1_1	0.09275368383587747	0.4152812124121466	0.44852835773021854	0.1825637258270161	0.20277777777777778	1.8245492920510464
Txnrd1_1	0.3755380014900257	0.6218830350282823	1.016781596678255	0.46656038219221696	0.11728870968001415	0.9675840262617057
Uba3_5	0.3968845302597212	0.93198184647506	1.1645144333949693	0.6926643475467733	0.2350853483781139	0.2542341383842407
Ubap2l_1	0.24562476794630939	1.0271982088094684	1.5017583063273396	0.8956912649189123	0.28771783368346504	0.39730179746900346
Ubap2l_2	0.24562476794630939	1.0271982088094684	1.5017583063273396	0.7960364916681975	0.24812395371378249	0.5634693572514125
Ubap2l_3	0.24562476794630939	1.0271982088094684	1.5017583063273396	0.8561353426094549	0.16170009285629205	-0.2876820724517809
Ube2f_5	0.15201387990100065	0.7883382914526172	1.0792089510373695	0.21235559608252708	0.255	2.9444389791664394
Ube3a_2	0.06558200008978635	1.4717887019551803	0.9385873131395619	0.18512594259161647	0.018457300275482036	2.3025850929940455
Ube3a_3	0.06558200008978635	1.4717887019551803	0.9385873131395619	0.07525095241919245	0.11111111111111105	2.3978952727983702
Ubp1_5	0.4763493504508058	0.3149491691723485	0.5723901328240821	0.2664308822690969	0.09008859357696564	1.4759065198095778
Ubqln1_3	0.26076111409207453	1.0732900264166663	0.7702565976309828	0.4912354637848727	0.1641874095315392	0.5245244681241524
Ubtf_5	0.36898119891152303	0.7566484042391134	1.0958201549936253	0.9410007982641079	0.2848945468706825	-0.05715841383994852
Uggt1_1	0.19409226207482014	0.8385820650567033	0.8559242783712896	0.17478510925339769	0.15714285714285714	1.1895840668738367
Usp15_3	0.28882709666730927	0.6340196877339316	0.8787796912931759	0.6069233622166658	0.1648723223225954	0.5798184952529423
Usp1_1	0.07795692142267611	1.246219249284255	0.8088753364548591	0.37131752855162353	0.13567543567543583	1.2237754316221154
Usp1_3	0.07795692142267611	1.246219249284255	0.8088753364548591	0.39083966825409866	0.13683261183261197	1.2237754316221154
Usp34_5	0.1342746964841102	1.2649574469197435	0.7769739542311304	0.2147484091984174	0.29320987654320985	2.5257286443082556
Usp45_1	0.08781211538357249	0.650801291478511	0.48583531500342225	0.08178181957815023	0.1250000000000001	1.466337068793427
Usp48_1	0.0814809102290645	1.6588874482723763	1.5202154090473792	0.7067254690327811	5.350030030493169e-06	-0.5389965007326869
Uspl1_1	0.12791794501787224	0.7173952887716132	0.8147765823279475	0.3844293012157505	0.09515599343185532	0.719122666963206
Uspl1_2	0.12791794501787224	0.7173952887716132	0.8147765823279475	0.5390082455808733	0.24569432419432458	0.6337237600891445
Vangl1_1	0.20402661695025248	0.8060918170781292	1.1048191840391137	0.6368220975871743	0.028998268835015495	0.28141245943818566
Vcan_1	0.1693155638742494	0.3692511176370267	0.28370025338821664	0.0719483168691068	0.22307692307692306	2.4849066497880012
Vrk1_4	0.18999150117445934	0.9948498450211187	0.9967126385232206	0.7966618258034565	0.26098432695792767	-0.36974702550608496
Vrk1_5	0.18999150117445934	0.9948498450211187	0.9967126385232206	1.1345159492365293	0.07174528757936555	-1.5982646118359751
Wdr45_1	0.39111198076177883	0.43771837020079674	1.2070747502052652	0.05848074216929946	0.09259259259259256	2.0794415416798353
Wdr45_2	0.39111198076177883	0.43771837020079674	1.2070747502052652	0.5205248398868602	0.18921293571330122	0.8873031950009029
Wdr45_4	0.39111198076177883	0.43771837020079674	1.2070747502052652	0.5228787452803376	0.19820848268772667	0.8675005677047228
Wls_nmdSE_1	0.08519797834536115	0.33717485861752	0.5801617640517829	0.32389287862348537	0.295444642503466	1.178654996341646
Wnk1_1	0.13541297036068037	1.5677901598883799	1.1612932745537714	0.1478016195678042	0.13030303030303025	1.9810014688665833
Wnk1_4	0.13541297036068037	1.5677901598883799	1.1612932745537714	0.13365396850651196	0.24404761904761907	2.1202635362000914
Xaf1_2	0.15233191539087898	0.4059594320219375	1.1963011347789871	0.7594976999345049	0.07456854530504908	-0.299242894852857
Xpnpep1_2	0.3432053998628765	0.7119836970490327	1.3638840683337943	1.0172590054415056	0.0666206254024897	-1.374318170073175
Xpo4_nmdSE_1	0.12263690044424388	0.43275836899754205	0.6201546345311667	0.268544241582496	0.26015204307887235	1.9740810260220096
Yap1_1	0.33199900231040064	0.6015722421840604	0.639548305238987	0.29113675506187203	0.058119288119288126	0.9007865453381899
Ylpm1_3	0.2452962278975672	0.887119812348505	0.6678944943240265	0.1825637258270161	0.27083333333333337	1.8245492920510464
Ythdc1_nmdSE_1	0.20634654028300908	0.6653069974349085	0.8288440740168371	0.6475239404905725	0.04306905030501307	0.0
Zbtb43_3	0.026163977680989204	0.9093695608171736	0.6412824550771823	0.30298188426150324	0.03049645390070921	1.440361582390166
Zc3h11a_1	0.4982229312093455	0.5752131299301785	1.234304219813717	0.4962562651599235	0.2241432882737232	0.6931471805599452
Zc3h11a_2	0.4982229312093455	0.5752131299301785	1.234304219813717	0.43468396417049315	0.21375661375661403	1.3862943611198908
Zc3h11a_6	0.4982229312093455	0.5752131299301785	1.234304219813717	0.20018968902749237	0.07190476190476186	2.1972245773362196
Zdhhc3_4	0.20527977951379495	0.6075294231967523	0.8506109217113075	0.15607414553379403	0.03354231974921629	2.6026896854443833
Zfp239_1	0.06922557367826498	0.7088472399270341	0.3606930992802965	0.2535300976230492	0.17344497607655496	1.8870696490323802
Zfp280d_6	0.08079396099838353	0.5360139287982117	0.6725675849473982	0.24471163257586057	0.12026862026862029	1.2039728043259361
Zfp280d_nmdSE_2	0.08079396099838353	0.5360139287982117	0.6725675849473982	0.12199435596151867	0.2128571428571429	2.1972245773362196
Zfp28_4	0.12856733142554091	0.35413180615882855	0.17208045329164873	0.11902987699777962	0.22807017543859653	2.1400661634962708
Zfp384_5	0.08491598851132989	0.7042983819155387	0.5361992449519054	0.3312539782698546	0.17130877508235987	1.5869650565820421
Zfp414_1	0.23540578937138418	0.7741361731167584	1.038985406971136	0.6698443790618004	0.14701753391563027	0.3001045924503383
Zfp444_2	0.11805147252645601	0.893352949980865	0.9857396695521096	0.6715147445128671	0.20023508158699077	0.5465437063680698
Zfp512_4	0.2721469498601327	0.7224813663276531	0.6638148394097991	0.42449903719150556	0.16756319703688116	0.8556661100577201
Zfp518b_1	0.0662179701956565	1.0049569304922468	0.4163316623128821	0.16952086926104046	0.028729752770673578	1.55814461804655
Zfp62_1	0.13748771392423656	0.7793150186047181	0.5253409634070614	0.1505766736225763	0.22473118279569892	2.674148649426528
Zfp644_1	0.03882835485315217	1.2630788921528158	0.6756076627292154	0.17478510925339769	0.1603174603174602	2.1972245773362196
Zfp644_19	0.03882835485315217	1.2630788921528158	0.6756076627292154	0.08178181957815023	0.2619047619047619	2.564949357461537
Zfp644_22	0.03882835485315217	1.2630788921528158	0.6756076627292154	0.22184874961635634	0.29289215686274506	2.3353749158170363
Zfp644_8	0.03882835485315217	1.2630788921528158	0.6756076627292154	0.1615028972451923	0.19999999999999996	3.2188758248682015
Zfp655_1	0.12437505844768103	1.2901621790731228	0.8129895403411804	0.24471163257586057	0.25081632653061214	1.7917594692280545
Zfp687_3	0.09608430878338407	0.5025343466843157	0.38920825799315883	0.07852866218042835	0.062962962962963	1.6094379124341007
Zfp68_2	0.10519165349044247	0.4371389015857593	0.516652508097743	0.2513422114748737	0.2525096525096526	0.9932517730102833
Zfp961_6	0.33128651775096996	0.41795065330270054	1.1704729681197048	0.707493452401614	0.24104391972865213	0.4336359850748609
Zfx_2	0.1808515987395067	0.6502218804399075	0.6120274710647517	0.22651862774984158	0.0818495514147688	1.897119984885881
Zhx1_1	0.0343451946422813	1.0391628685550622	0.2244857996558694	0.11902987699777962	0.19841269841269837	2.99573227355399
Zmym3_3	0.21523276199176755	0.4605775348609685	0.7973542667676095	0.4950064960042163	0.039357602662924984	0.5533852381847865
Zmynd11_6	0.13789256848364947	0.4065863438342036	0.5022331731205143	0.24023433022111634	0.17387387387387387	2.8622008809294686
Zscan21_1	0.23720848951505308	0.6177468141320867	0.7526374579784267	0.4543641038317464	0.24722345078382235	1.0986122886681098
Zscan22_1	0.08101893845253005	0.3821470650471084	0.5515970868842907	0.18767313160549642	0.16045918367346945	1.7917594692280545
Zswim7_4	0.10917300597791572	1.0228402018429492	1.1278680435998258	0.7407182314558968	0.2505226765865064	0.614366302706831
