	psi_05_10-obs_50_60	psi_05_10-obs_60_70	psi_05_10-obs_70_80	psi_05_10-obs_80_90	psi_05_10-obs_90_100	psi_10_20-obs_50_60	psi_10_20-obs_60_70	psi_10_20-obs_70_80	psi_10_20-obs_80_90	psi_10_20-obs_90_100	psi_20_30-obs_50_60	psi_20_30-obs_60_70	psi_20_30-obs_70_80	psi_20_30-obs_80_90	psi_20_30-obs_90_100	psi_30_40-obs_50_60	psi_30_40-obs_60_70	psi_30_40-obs_70_80	psi_30_40-obs_80_90	psi_30_40-obs_90_100	psi_40_50-obs_50_60	psi_40_50-obs_60_70	psi_40_50-obs_70_80	psi_40_50-obs_80_90	psi_40_50-obs_90_100
0	0.16505068801532818	0.0661928293867663	0.062277838278089304	0.14952961133735687	0.07121996855993373	0.1905235029092326	0.08137612591180665	0.10926928650421219	0.07481862118953664	0.04794313726930566	0.08381401170492098	0.08526103619581227	0.09631906686888936	0.09325698673371163	0.04159250563914774	0.10627210809641496	0.13244284371533255	0.15498583991332648	0.09260333274449462	0.048883621007308364	0.15590934853956595	0.1157033104374845	0.07173046084585355	0.08566998965096817	0.05308306901065318
1	0.1660165373297987	0.1608654334553563	0.14370509410929078	0.13069986610846207	0.05552868106763764	0.15240756661256905	0.15046947354053886	0.056860265799998255	0.08466066622303325	0.11891302044735663	0.16130798725417395	0.14876277919901648	0.0566133122434096	0.11017590149706191	0.04347052090223713	0.09912116713363261	0.10097570602390182	0.0994152611687058	0.07498350385058505	0.1353677633740119	0.11931423074852598	0.10491807207733916	0.09371634677327578	0.11878283405130996	0.07936092607729639
2	0.1981240105668438	0.08903878235959473	0.04283604737642677	0.09236158798947292	0.1297370473910726	0.2812964232670101	0.0581259181925361	0.16131414540148792	0.08839300935055416	0.04675189490879772	0.07526134907631366	0.10316748893575467	0.13696845848605532	0.059920014198577065	0.08696147348209571	0.11764005552533574	0.09427488486504776	0.09087716414133395	0.08091092408458678	0.08694747857781548	0.12380751627764941	0.06915966519445338	0.0764369242179267	0.10179545933983059	0.08856688350565389
3	0.10788272988090053	0.21812314942940725	0.08055674704323745	0.09960850517994324	0.007220051253989723	0.10287586156311734	0.03045335807185967	0.11142599199828773	0.08598889780019714	0.01860972089377	0.0495885208468656	0.14036527721390268	0.054463148270463724	0.03556099150385017	0.07512295152804638	0.20562594103849696	0.11821262158052581	0.09584577377285153	0.09651368324481224	0.08173232553745047	0.17475000865528667	0.12986711799893924	0.09758267002890031	0.08765303784820544	0.05487597098330543
4	0.1807401621300092	0.1446025211515517	0.15388122799909099	0.08172871283354832	0.08632449333715964	0.14556426570582492	0.12169867458307537	0.04655227922910399	0.08686580932053511	0.07510790908718579	0.0922824936591865	0.09373454308517082	0.14022076940651673	0.09420610793435913	0.07841590295026002	0.10586406510228685	0.1287203291906175	0.14798146324005634	0.10359526830303079	0.0711250606724525	0.14490075202152586	0.12891705804616926	0.08405790349283015	0.13353876601427717	0.08687606998621378
5	0.11557504648014771	0.007266762067108634	0.05550048682889708	0.16613363161188643	0.10539268691087877	0.16932473944728987	0.13833031915621186	0.1015773679589792	0.13871975259074465	0.12360017592672845	0.19019827794425848	0.15971230576526452	0.07621253499119274	0.12518157856378198	0.0605836078502856	0.1502349460094209	0.10289035198172314	0.08453130317173019	0.07838561535522703	0.08167710510503623	0.1603880932246733	0.10741356624082243	0.1564935699485397	0.06996686533171592	0.10522035690397069
6	0.049196900308743574	0.15204737703015436	0.11269837197897348	0.03947370586140109	0.00801060614858784	0.05533752934090341	0.08625705834603903	0.050124677193347456	0.08977760014044456	0.08385003496661969	0.1075967158522585	0.1320215985314639	0.1308017277417014	0.08354245979943453	0.09225812442060621	0.17053037387304792	0.14168526046900998	0.07661638893494227	0.12991463040489115	0.05347520349238777	0.14488200051941869	0.0860287154527214	0.13637729301965218	0.06784275700484621	0.09084001826150345
7	0.14611732528883759	0.08128795595721694	0.1868930115073878	0.07770413013068778	0.08119924476227347	0.021135248671749096	0.06173046074799715	0.10785132068736025	0.1371255260774159	0.13401851138478604	0.18023759802938732	0.04786051660525348	0.05983372752482108	0.1130332863653074	0.12634569543622454	0.12055748285946744	0.1864233206501733	0.11173242671355088	0.08179469107569104	0.06592517883367544	0.10919720660615195	0.08975538635143654	0.06333606452249174	0.0614711155672748	0.05875725923408148
8	0.15130758818991663	0.16604087910517218	0.1305786944698385	0.02278851666123627	0.09141924972870918	0.07560065603331645	0.21339918528443336	0.030779656592673343	0.1043432816602946	0.10172262315695246	0.1395763491493498	0.1606238626400256	0.07890563501693915	0.055451774778937146	0.05593902693224517	0.15750983706514732	0.11364243195213908	0.0910411660981012	0.07410347019416097	0.07787082878134954	0.11318346472924479	0.09778283868269666	0.11047708610902629	0.09695454088119315	0.07626469924756862
9	0.11498645008060526	0.09927067916357502	0.16573994256749625	0.11206410797127198	0.022411166263014537	0.11704046485818353	0.18644989229924025	0.10138930294112014	0.12278891116945889	0.08892507329079102	0.08697373603970826	0.09952491832071797	0.07656069742750415	0.08275382663182729	0.06763418606095761	0.12784559985012134	0.11651017935620389	0.09483237988906545	0.06860485117671367	0.13920150756311578	0.08331480318356332	0.09592111409485571	0.12642547686418626	0.09696650218832104	0.059436444388563436
10	0.15045788182997477	0.07909530944192467	0.0854176602954585	0.018545159150587853	0.031397160180424044	0.23059580451635897	0.022804629898993345	0.07567749668480062	0.051951052877415194	0.080306732736666	0.10254505675304304	0.08397524983712057	0.05779557370126509	0.11320122169493607	0.08235453357186806	0.061024570448759086	0.10347786336623033	0.1208443797730977	0.058686334328687306	0.09879621457416765	0.08097969664985016	0.05617748691275826	0.12094925733133466	0.03461756277456518	0.08402117039925971
11	0.2195288275249795	0.24191748316027484	0.10470458187153497	0.09961473484078809	0.03648804539546591	0.2682221462608968	0.13648245481226207	0.10793991074376086	0.08721044777287523	0.14661332053889864	0.10653782377589949	0.09589017476604567	0.11162141015595384	0.06756257839116442	0.045582971911112935	0.09043289502864793	0.0782462090763133	0.09043663489786424	0.08362259293665386	0.08537186957044263	0.10318242268119904	0.12205390758012702	0.1167422784455252	0.08629017552680551	0.08102088171863753
12	0.15968015833797922	0.08436894669543704	0.09641195794836455	0.13170182282840248	0.04638570101884654	0.04542508322412597	0.10409840445623841	0.09446082563392477	0.12743721798942698	0.05353134626501255	0.15425166298198156	0.07740957385965008	0.1311827842779425	0.09206866112045486	0.03824471836807064	0.11831716012306026	0.04901541492377348	0.07549339600518967	0.0689545572363689	0.07846152562508102	0.17215525556769262	0.12587917209317667	0.08316909989681376	0.12367168247530969	0.03532389368728317
13	0.07586915952394013	0.17185800541203267	0.1777525919025167	0.061428212638334756	0.053535678985700885	0.025320738857296576	0.09092063924673577	0.08582647891939932	0.06966696756665736	0.15390991013489308	0.13139439001817377	0.13366347910631082	0.07992619893648956	0.14091244940653758	0.09225562375641638	0.17708417278987842	0.09475039601003643	0.10189140724197876	0.11014613805928386	0.12316480244049222	0.11832552720022871	0.10957186239207595	0.07356621423297716	0.10591252498686132	0.06339953095866835
14	0.18909095312980273	0.04983413655324331	0.17429170757637924	0.09649154244159752	0.10205688073784691	0.1654688813397499	0.13148254573732654	0.08017700687882368	0.16382897893257609	0.01956885753034998	0.12857142068983307	0.0911560424236515	0.08793128514292659	0.07149300685770366	0.08413038224241942	0.08680040433435021	0.15537548044260552	0.09140130637736865	0.06356857758507695	0.06772876134923922	0.06968635772137899	0.1147573941215092	0.06796928040382277	0.11495257315857099	0.09102938523415927
15	0.1798295138811965	0.13630308271930047	0.117640946680026	0.04334038257982453	0.08728139330078422	0.15734910146412184	0.14709750902808905	0.12471602239317903	0.07324191718126405	0.07905732001461019	0.05699442615241812	0.12886343239834708	0.04614229334739317	0.08763678082145199	0.09649617804998023	0.08504535128511692	0.1533303705117619	0.1739460333002223	0.060569732008553534	0.05137610218656552	0.1266097802656997	0.049203525324765685	0.07019617290752089	0.12031313471279392	0.03596907595627241
16	0.15011015967182306	0.06056473981245214	0.10046400033152425	0.05624876796221623	0.11347225533602445	0.028577843067469577	0.09517813799719277	0.07125687722202445	0.0802505773250779	0.07113727399562553	0.20878633873155128	0.15036317859043435	0.057401080192765463	0.1384983200478862	0.1340498798710671	0.12809060401242645	0.11656590666492062	0.0755429228168224	0.09939011806915721	0.04229141800269476	0.1588139174672618	0.08662135825444972	0.10703701874540683	0.06617928976949683	0.12096394636938956
17	0.1173055469809745	0.13303302455790955	0.1135640476929074	0.09781896282140723	0.0865179266652708	0.1061717769995042	0.08723299428466225	0.21022769013374554	0.09426841560936128	0.00519210315085572	0.1324592653031227	0.06272492906175842	0.08444106048253064	0.02813817378630501	0.06752463502830675	0.12369877574543942	0.1410333480029875	0.06613696851752948	0.0699276745199684	0.10653950888139785	0.11300327815754474	0.08387176522367212	0.06954745610914781	0.12767026831936068	0.12165356151319762
18	0.15743802832897735	0.0956670241532076	0.11817470608048541	0.12413206261767806	0.042202500962039036	0.3051620546702428	0.06511846066232363	0.11654900642649724	0.04340116125135607	0.0949865707823283	0.08286156022572966	0.21335801560175816	0.07268664772341504	0.0766881482968722	0.07573424570363696	0.15974550893355421	0.09411549938128572	0.11519301788599201	0.0929274166793641	0.11235318238497605	0.21041042754769523	0.1519165003377112	0.0909487845704221	0.05208846419443813	0.0695790707819558
19	0.10902486630517949	0.22820951421942404	0.17636056626494068	0.19746802973196953	0.06972228270247172	0.10712390228076596	0.08790102654020215	0.10510748458240837	0.10860518624867954	0.05560255858577712	0.16950117549116617	0.08144523211812826	0.15117758873524068	0.07401656421949043	0.05149836976399558	0.17193802842390926	0.10523647610009945	0.15269360915237995	0.07482831726917993	0.027762567634756152	0.09683435098810578	0.12517748366969284	0.10997346126907381	0.08107601116292085	0.10245464457124831
20	0.14412029863368514	0.06431073695780076	0.1701543091980614	0.13579573148985968	0.1327855335002559	0.17084007137857438	0.06442791548619708	0.14902689267745384	0.11196797494166755	0.09950878363258664	0.1333910382918999	0.11253775869323801	0.1368053070533478	0.06053533164636282	0.06657269537723287	0.17710748439321078	0.0728124802563358	0.0772521066854992	0.07452320808633728	0.06915660884691	0.19508194897407027	0.09859627477300148	0.10585206093676269	0.11772869608137915	0.15246462491329726
21	0.1476993398238291	0.22294260824709966	0.0071761523474681566	0.04735032133149186	0.1198849304662033	0.16984488447582358	0.09024798785899779	0.07467326939946561	0.09077166882281473	0.06406457034800594	0.16210291517333053	0.07481814965963107	0.10652420845574262	0.1295942695978144	0.08727648361886753	0.14604219893560877	0.08323895329353781	0.14794766580060936	0.14067840032356516	0.050108242426135874	0.13900737978039823	0.12121262047188175	0.13332123022639253	0.10056831759771367	0.09359240630625343
22	0.19917998300140094	0.04975579248172546	0.05494741052645147	0.21341781176835273	0.0593823339918601	0.1850697991818535	0.11992150196182394	0.1230671075692441	0.12307404424190627	0.04490237583320045	0.10041257525879388	0.15477858327996707	0.07629019986210506	0.048617054648187885	0.05139010229076191	0.1499960528428308	0.08883524917379138	0.09349175617674665	0.05955771880328686	0.06469179690359206	0.14449850397307162	0.17857890967326828	0.11191677369960962	0.10624213741307009	0.0809541659280234
23	0.21688773446962473	0.1260779735525681	0.17993684366495044	0.09227092723116737	0.07909543700577759	0.06702009065003045	0.1550116147860272	0.05736266173099025	0.09296441260478217	0.006207592585439792	0.18157242249606698	0.13694721435709445	0.10440962289997402	0.08175735376294113	0.07475321528349765	0.13312151145582096	0.07405478766846751	0.04374244015085371	0.09500401564899952	0.07621582360335866	0.17210813146486592	0.1589975288705343	0.18536481856321985	0.09577855162342208	0.11212460978073657
24	0.2103024348301734	0.046264001974023694	0.06598116308302515	0.07185760408780095	0.08302220855195597	0.09845028339899509	0.08886589983351556	0.005366069839371934	0.15670173506771246	0.09460825551528318	0.18057051290178106	0.10235917726628363	0.06615655903927653	0.10003422674633089	0.09841792821636342	0.09082616554634881	0.12098991385826074	0.08682526629986453	0.07250374233855328	0.12582095705319996	0.15530343894859544	0.1424981127192968	0.12898355180493992	0.09302872186484357	0.090756245036834
25	0.19233626861926312	0.04720580258334017	0.1640513280106276	0.12297282511633745	0.08238471852380302	0.15513300647632233	0.09867475837115647	0.11225383121002319	0.0806615471368709	0.08883535117365171	0.09047672979751098	0.09058063852501519	0.10965319167445231	0.11175005184158415	0.08949980945551084	0.1473950256909028	0.10133076367565841	0.0715209214034025	0.08463582404607417	0.09956037307288379	0.1991493254622514	0.11632377021597928	0.12811326443737647	0.08322099981803133	0.07278853511381667
26	0.24142364189639276	0.015004007013587728	0.05489569193370747	0.06384347600536355	0.12547675532241775	0.247207864007987	0.09498060867885605	0.08605006587246089	0.0760294198708441	0.10022799472868205	0.14582332091634187	0.07282044170878299	0.13853808842942728	0.08144100768320273	0.09433855997173679	0.15817696793357094	0.09036528956010426	0.1494750005361335	0.07054767525171812	0.08552830339308382	0.11521381639977901	0.16105754823288643	0.0790165134527615	0.09047535850674637	0.05556479188723229
27	0.1370733452129409	0.14208247470714153	0.046751649398017237	0.1288745147496222	0.14822299905082925	0.11396370375218601	0.10437377879645493	0.1658751702527561	0.04314433961922759	0.10717968284555646	0.07016237306238104	0.06255511284050042	0.1132022133392101	0.09101407544245632	0.09680652178229932	0.1014671169451371	0.09592655603622036	0.13162315612268394	0.1020655700417803	0.059780530106025576	0.1212357408954714	0.07905398263111718	0.10286770248815313	0.05684252713080751	0.06323003893897083
28	0.12771695548345308	0.11881445071399666	0.10169353906491707	0.15027809807131698	0.07254268267336805	0.19843489316629848	0.21776752253562504	0.1228540365673415	0.10221421253174434	0.1432370698464478	0.07695104799820995	0.07081571178753099	0.09479145589197124	0.0487274677835694	0.06620623933723735	0.20003225872383368	0.10148877832895631	0.0872131145974464	0.12024118614505352	0.07085192946271135	0.13211149100864117	0.12526537551436168	0.10287507505259041	0.07579711288156943	0.06108101347837058
29	0.13478764900481055	0.05410370226046657	0.06045446897312634	0.028653290295152845	0.10192631791838591	0.1403735156440502	0.05285209028776161	0.15804074332570228	0.10902606005846982	0.07849373664248571	0.10886125033845051	0.1018701761818982	0.0824335140214858	0.04739917485506484	0.1474433537426737	0.10135079203322139	0.10737537989242907	0.10258971778096793	0.1036154188415147	0.07657553625086067	0.1568747400498507	0.1035025824585123	0.10173230470732664	0.0931008798981745	0.07398291174109506
30	0.14862629785252401	0.18854390055927284	0.09417753446867316	0.1295133395810364	0.06534980369678212	0.16090836417893362	0.10441331101589502	0.03716625505862192	0.037327638283427556	0.10087533016328876	0.13443358951174877	0.13110437519170992	0.10067953323914924	0.08451483177631136	0.04221137120147722	0.14447587185640298	0.09982572046055638	0.15057366867446087	0.11825659445804149	0.13286871900706088	0.12281332516131449	0.15349215562429486	0.07888983872309485	0.06585616504950664	0.09940964499539251
31	0.25592548871082454	0.11757602127179012	0.11501716001241702	0.14068730461566004	0.03757854531828375	0.18454590001201976	0.10647326160844006	0.05661944301517652	0.15328680404507278	0.10572467373332817	0.13203246360570298	0.10251612708588875	0.11124103084797032	0.04408421183348554	0.07692913978817606	0.26057804999467427	0.11627428658662808	0.060807765569537486	0.13785831109100988	0.11881183545016949	0.1741016555664141	0.14935245535408026	0.07630693984726844	0.0755067084177713	0.13969208607988692
32	0.08532597992505242	0.028717201647053048	0.050148245169683525	0.12083283042964055	0.03202632942231376	0.09911497025564653	0.0926049083221161	0.0644866434236615	0.026621435193912912	0.02335024686862308	0.28421341671053335	0.0770121141356016	0.10049879832353581	0.07536089892282405	0.08343527727657307	0.16364856262156724	0.14338186662642194	0.0936448364987208	0.06633527075688783	0.08555918423886111	0.21030531050012902	0.16764169677947627	0.09458774698527073	0.09535538131118393	0.11165462874935461
33	0.11289945602772711	0.12532093966408753	0.08240461751519057	0.09499266252535543	0.054355413037879496	0.08395447050501237	0.017205351976018246	0.1072181361122756	0.05367441243092985	0.040628386385811566	0.04874555587487195	0.09255354019335671	0.08221752707098606	0.05821395358983572	0.07130740164142679	0.21230625015961324	0.09103897752734103	0.09311797470427075	0.09006050537720256	0.10980928988821537	0.16968439876278307	0.1344962370358015	0.1744441909246932	0.12437538867494835	0.12611020773087123
34	0.16756154067128914	0.004565375922955028	0.098584547706837	0.0640620608353053	0.016575866411452922	0.08166149847598392	0.11934929217712476	0.08778550530288098	0.14121451495025472	0.02582939994401212	0.22870019224545124	0.19243782641679608	0.10603524181972612	0.03957494397690442	0.10552495224925107	0.12320505541203408	0.13097558521245167	0.10215983822686658	0.06150461579963595	0.12637544102126885	0.07353162792292656	0.0734362575519878	0.061306104886404866	0.0915126539408837	0.07862930896223175
35	0.11578714045576777	0.023588785117407474	0.1626272664961783	0.12139818348395004	0.028069921700747513	0.21774149713863533	0.163478610581546	0.08773769486160199	0.14306864087408755	0.09689721768323423	0.12500329035336877	0.2107578917579882	0.09262593065380431	0.11845225818406024	0.06444709913118896	0.1431056630925449	0.09112947306919728	0.08315486017629736	0.07978503957744176	0.055990468303956153	0.15613923798230034	0.14607905829553558	0.12681321693103476	0.08052030921667563	0.07418783658347627
36	0.10187304720866763	0.14383327197850426	0.13285990538164905	0.10665313477179517	0.06368395979051034	0.1687895680292022	0.1375599824938788	0.126627908786341	0.05939540985284497	0.049997127839725874	0.1316405369379634	0.14441944601653944	0.10995254313296399	0.13031475384515168	0.09846500572460659	0.10782140016352926	0.15413163040766842	0.0859203258492427	0.06024301391058118	0.04057185189450796	0.13008666313841533	0.13536262087695672	0.12742363318926098	0.10150916238760721	0.10000998263666672
37	0.09959436542431166	0.22961100319082617	0.15932851877923104	0.08230412448992708	0.11537865053777407	0.07089046657112186	0.13105011116981424	0.12924011029381766	0.07428176980963008	0.059414101626641624	0.048793951429559335	0.15860350593843386	0.15057203210041759	0.0781019848501312	0.05781444716651529	0.15365755723850194	0.09254048625473554	0.17494475931241893	0.07629413587958	0.045099352384531444	0.1402341926200915	0.11857029317546008	0.10209216514539754	0.08585577002824596	0.05416568695821333
38	0.168829412945522	0.023407951714036757	0.0975071191745378	0.11997809863124331	0.08537747309258148	0.11209314613731325	0.17369991425288256	0.1277617779920024	0.1168525126568093	0.07131940058452957	0.11456279592840246	0.173745492393925	0.11304046034625181	0.11552126354435777	0.05323853594485317	0.08515112413760728	0.12284356900706839	0.10579839145733128	0.09369447660483077	0.06457155819037619	0.12749273359718716	0.11975003010903051	0.12276322688424257	0.11725394587725946	0.05629877933631322
39	0.13991179751954264	0.1452130662550074	0.118620472674559	0.08610826555343642	0.1438842751859113	0.13155379449521254	0.06630746603913595	0.12759625325756097	0.06791401390518592	0.06580847648695798	0.15008207479899416	0.18238372611475262	0.06135917946503067	0.10038928749251919	0.08454403196031424	0.1844941456860435	0.10187566176673157	0.10893472075630017	0.13496859108111336	0.0624753516408888	0.11947797179963171	0.08281402569546015	0.14918503892586943	0.13911999834750166	0.06878019896169574
40	0.10211344732845518	0.08066671293271133	0.1276025296859311	0.08331884027012837	0.03798272785933454	0.2413471218632911	0.09485823965109597	0.1653392650712352	0.09496025603427072	0.05000829821616248	0.12100833639401853	0.17689098553588034	0.15540321182112182	0.08106590078236064	0.09339762204751523	0.10455244721705659	0.11471648764460318	0.12103245722014333	0.14375129715375035	0.08841668241919842	0.12074314713661516	0.11791770152921266	0.08938911855528064	0.10369031146809349	0.05923409911141697
41	0.15095208741617705	0.06695032311666338	0.04983164865707823	0.016518580545162087	0.11829826076849681	0.13591624801698032	0.11651350836241858	0.09537102164093536	0.06858828443132858	0.10558307495316455	0.07305739832954006	0.057412434390470835	0.08806564535724593	0.0791346689844653	0.11262115364359415	0.15440493547202683	0.16284882469598483	0.09683983235856752	0.10698605447988863	0.09626600283786857	0.15023522025759606	0.10610296646825379	0.09466377969962392	0.1508549978624505	0.08267128728072703
42	0.22745702339097862	0.13654751050652103	0.07906931177071697	0.06648298666232988	0.10736534038022527	0.17389328500050938	0.15242559687275126	0.07343889577235974	0.03458196984071338	0.1151946527740334	0.2249262391801009	0.1497306767692902	0.12532628290334158	0.05535576729371916	0.07868659243973875	0.11916326678135514	0.2024248315751923	0.10216996530911882	0.15478026151271929	0.13593175841757232	0.1493947164957674	0.08894566886718203	0.07282755364702365	0.10678086445994983	0.05604806803956863
43	0.05140280829927635	0.0447468213201051	0.12840915890035842	0.03468289908662581	0.07417101688158823	0.14915703670035696	0.07597936536633798	0.04150002524806429	0.04929770019282942	0.059233936347487526	0.05560563305199029	0.08968014220156484	0.08571420868902335	0.11006467977533863	0.05836699799852296	0.19856894400369285	0.1379234733453587	0.06733356299004623	0.07889087088228097	0.03474481730941281	0.10533342618304231	0.09408057527445413	0.09167501159153191	0.05530101821932221	0.09032361535516698
44	0.04038938646220713	0.15586357890622593	0.10814162018842643	0.05491856245370963	0.10031528706183135	0.14423014891741814	0.17408650710409812	0.07189943999283799	0.09033519965067693	0.10884313442197435	0.1230112280264527	0.1352887291513981	0.06777232282484869	0.13646835237510713	0.10037117510522786	0.07489378548981107	0.08906386653846587	0.10816408598911342	0.06982697430360774	0.1322091451070989	0.17113138305965359	0.10576952965016129	0.11672319175311596	0.0797165426142975	0.06498200117802944
45	0.1754624233870432	0.05366589003155475	0.1697201447235419	0.07319774437796267	0.0755408280812313	0.09044015950041595	0.04065735026981143	0.03215432911538263	0.09429191775120371	0.05747347362928712	0.10772583625312993	0.11802937289498339	0.06429538638296817	0.07501289717500892	0.06098522920466842	0.18557545062250358	0.09240875810177485	0.11782881367205844	0.08726729415781687	0.09263012595739784	0.1388119672684195	0.10058050256966822	0.15430310581369966	0.11778762236957763	0.11140493509229155
46	0.11364323801197929	0.0744790954173764	0.04301233655608394	0.0759679830171589	0.06734823841352444	0.04101002048025271	0.09153946650505729	0.13189671197807018	0.1394421554879528	0.0871968435822883	0.15996320657722407	0.1439812305555469	0.10459125588950358	0.08355601843853477	0.044600486463377664	0.13179273244815803	0.07935440988438824	0.09161961620609138	0.06532693081836338	0.061810977019978286	0.18287748443364105	0.0807269785635999	0.05552980623173376	0.051835466641992345	0.1018939337575937
47	0.18506751202726468	0.10946639062597108	0.21063907849682373	0.09768283735382066	0.10274372766483164	0.1182892404195286	0.16454631976156897	0.18467823838189057	0.061553882203103316	0.11239587270124474	0.09554998197162645	0.08539069045957604	0.12633158317634352	0.09322152554349916	0.04067486232260176	0.07045083656798412	0.06909000747169225	0.1263446926582824	0.11952835130960993	0.07461812394748446	0.08561669958089624	0.0641816337063319	0.10879290247769213	0.06128642325409017	0.08025633041299707
48	0.13828388395011193	0.11813346269213598	0.1561676437074837	0.021642187561598303	0.1304232420690421	0.19800146066200963	0.19189742410238486	0.05133668699469207	0.047162717386873054	0.04733646614693754	0.11758838361292856	0.18060579957978973	0.060650275012733235	0.10267967048257298	0.07007705868783998	0.13299901403600634	0.14340760296053057	0.11135196710602813	0.09358343684632786	0.08564207825923353	0.1104000913780776	0.09526706381209193	0.1313713284847342	0.10040055673507364	0.06660082872092032
49	0.18216494428336882	0.08649154922921087	0.017245561460104142	0.07552391288200211	0.07991709341179387	0.16879909882719246	0.11144304323214904	0.05857474128363249	0.02815440052115281	0.0665437866576225	0.11561466984728386	0.1818277170812419	0.13917612147863834	0.09587800277497482	0.10759578137490022	0.15003396680923742	0.1064466591484261	0.12040371869046429	0.14465708242719555	0.10035072197397288	0.10057550645161895	0.12721625626527977	0.06234723961407307	0.08364204268215136	0.05538808534932027
50	0.16266604354359548	0.10602491299398753	0.09596648685131759	0.07936746575678633	0.06378921306879926	0.1487493940413679	0.00011109776286610806	0.12792154340386686	0.09968494479254664	0.10992261144884286	0.10371551853363925	0.07910832897783804	0.10632795863803757	0.11793909330387875	0.07104643561764401	0.11462107417888556	0.16606078460129892	0.16977404157194975	0.09110359210359154	0.06214074761125987	0.08952483349744988	0.11244642764890977	0.11142380173785016	0.07122676192388866	0.08076880409690657
51	0.02253396923824247	0.22863467793086378	0.07998737457695904	0.15370085206900808	0.039135116649190005	0.08354952300167884	0.12718314640353034	0.13141127326639956	0.06775811545501875	0.0467759662281263	0.14583710245839132	0.11239321273235969	0.10640791507108716	0.10609520772534142	0.10051696646492136	0.15174451968850033	0.11647355534873971	0.11706635036632351	0.10521480584706067	0.09604552696424706	0.11618664134181167	0.17217388365376807	0.07888984513979724	0.07899188641368982	0.056666587339136654
52	0.1378161743859796	0.1385930534767793	0.15346616932808743	0.11389221123607696	0.1158302693000749	0.23650136135579625	0.012371754671989588	0.0711639381275091	0.09166506175753852	0.0802132208711206	0.12165076071451886	0.1402437817871679	0.1933514446351472	0.14409919005647465	0.06994347432647818	0.12841806270330403	0.1149447609405928	0.09301526954596573	0.05862485070028811	0.0797857736514127	0.13516806365457346	0.12271336329039606	0.10532782053947554	0.08920456170498581	0.05522682175611404
53	0.10677752059655976	0.1963283692516411	0.11382139009662273	0.11039436012927561	0.11974439896301958	0.06510031512431258	0.17498741575285237	0.07151991476878372	0.07047391621386712	0.06870702883573054	0.14648507174270853	0.13687657335273906	0.12158123262222365	0.07414355960387353	0.11463972290185986	0.1200357539707485	0.10523314636118364	0.09499469549992712	0.09985584904340006	0.10159760231204507	0.1954033116123851	0.12173941955823375	0.08920490506016665	0.10694783494406757	0.1089153411655508
54	0.08429151383725586	0.29411219939326694	0.10299989339890692	0.08446761157316862	0.08862928076872123	0.07392772906163791	0.12505860562734694	0.09200980133306524	0.04363871097892913	0.07340473463452868	0.10384697602371051	0.11883280221140469	0.08439950043817335	0.07788785183723768	0.10664965370359336	0.18181587209851569	0.14263594845315775	0.06687442945236599	0.12674171388210254	0.08214599475014761	0.14624316574545093	0.10020602857902172	0.10589530933413904	0.1256968405485016	0.04734038262653251
55	0.10750726066813365	0.1712165977022152	0.07215879395601055	0.1029172457528823	0.03847811704172621	0.22437441284648263	0.09286099622311117	0.09498709174553566	0.14069956320294008	0.0715962014407272	0.15448083181109418	0.14947627178441214	0.08994720498056075	0.14550774223300222	0.03564274719766736	0.13552817548401153	0.1599405058077501	0.08897138483546352	0.05003204485608437	0.09507364129211904	0.09685812700807217	0.09780208284590208	0.10103749105002535	0.044994904426938875	0.06143154923383287
56	0.12195384137430543	0.23608274966828757	0.14863654144168115	0.05044736984182441	0.078645724150323	0.09796329731680231	0.097227437676907	0.1253688575184937	0.105402888413615	0.07163496217730125	0.11660549973732515	0.15370579239114202	0.14060496813071022	0.08489205134451416	0.13339564401151383	0.159855056445236	0.15093626529698045	0.16061478171620136	0.05699763010972536	0.05360469864236983	0.0768609392916082	0.14084045724182737	0.16915329586422267	0.08573060120162679	0.11847534216880073
57	0.09548323511102408	0.04475799190166829	0.04513857382975728	0.051518593493442455	0.05579331018975531	0.07029657389641453	0.10540250694689668	0.21344649685360984	0.06517980885265462	0.057203575072116486	0.22891780387873495	0.08761279010231493	0.047766607259441374	0.10237289202772093	0.08268271115089743	0.1629248070354109	0.10694566383080273	0.10253525900754656	0.03721974434825703	0.075924995926131	0.06576287972591899	0.10416642019360023	0.06530432638174155	0.09362709457835705	0.11182139662422574
58	0.03676864936272983	0.16055761130899215	0.02009743272953657	0.12849140164291029	0.06893229207602303	0.2376490984921642	0.1721634014542246	0.026391982387865442	0.09110765301027424	0.12172254944190597	0.09904164870062049	0.10332163855875076	0.07402102651826425	0.10366838181021354	0.06227736259789163	0.13098767542537249	0.08145801874117586	0.11067801417889545	0.10543104361379674	0.0927921742363762	0.13229926190669328	0.09495259294221048	0.05326108428416887	0.08195882655149	0.05604390523317904
59	0.04264160558022434	0.08516137866041762	0.07972779643982075	0.04275097056243127	0.06754424974122764	0.11874806349468192	0.01986819844979615	0.08733733876429317	0.05920646768926063	0.051184607679266136	0.10903849747364835	0.1251643502564429	0.16065826616206857	0.07266154940082448	0.056790798602942005	0.09805919332871227	0.12242204062408701	0.0836510722392304	0.07968960921989887	0.10080562616611066	0.21391582323612668	0.1553190297099637	0.10951294246281473	0.057920914531764844	0.06777967846262045
60	0.19733078942050297	0.034098565771872646	0.1187060030903635	0.14575209291283064	0.023090829060885665	0.08226033720842862	0.18289336535344014	0.11219970970715831	0.1355021869307934	0.03631996652556502	0.11114132983391234	0.0684626662409843	0.15321344641965517	0.07354699444482782	0.06155765032643801	0.11859252874569759	0.09108833985688769	0.17262429891526532	0.11286787502838647	0.06230493397670245	0.16610113642937385	0.08754644249799082	0.07877264763666936	0.13204018477901802	0.040855672229459516
61	0.15393048268759657	0.11598902592382065	0.08716106235305443	0.11388946375967901	0.06830110847822457	0.22690546611395612	0.09440677522272223	0.07171102893767178	0.09871258327970356	0.07458486740990189	0.08921981690709502	0.14097277099890215	0.09000923288391738	0.11108209443021455	0.0854115988027323	0.12261174643166817	0.08567458853310095	0.10985396808398651	0.057556102814250054	0.07758908623666338	0.14114052198745608	0.13952135555197864	0.06538744111514316	0.09109814843240782	0.09699305218156318
62	0.3589289543863581	0.10657046643708101	0.14207696135723058	0.06100088789631475	0.017998752844263333	0.10534132764170767	0.10404151023197872	0.06850528565058045	0.16466078146347596	0.10646893624484732	0.09605014442153315	0.04857821612839097	0.09529011071942928	0.13822601107070565	0.05318168245773913	0.11852420726911739	0.14277880325837167	0.12833679688002253	0.09389840000972449	0.04950033810653243	0.12629764682718514	0.14815215284554817	0.12013170148156593	0.08795762140991759	0.05353875505593919
63	0.05973661533650154	0.15502441791166788	0.12128589915561128	0.07798087597728276	0.09330216193442498	0.13170993306098122	0.1402038130775084	0.11775784333813666	0.09293019455076812	0.10518536828569658	0.13206192507741799	0.10635911426162692	0.10129995899461586	0.1355065916244541	0.1365022121313424	0.12009534371273889	0.07797332605411611	0.10104644561168685	0.05383610962443408	0.06638030778736637	0.11738844722934527	0.08887004522622466	0.08167368226505678	0.07404415393221386	0.0801541539507189
64	0.0999578466330937	0.12643845254734032	0.0213796715242639	0.0660234173376607	0.10939243321906922	0.26186297695380334	0.09786838574023093	0.03267003039425487	0.13847772864331953	0.044514779116120784	0.21112788559030526	0.08391084248627512	0.1665608862975152	0.06423872328551283	0.06036187507544144	0.1566410661084664	0.13262731744501288	0.11196059355421417	0.10852404315213193	0.06013809425885519	0.14713428280066387	0.18662250956913473	0.1110991106780298	0.07622437366716472	0.09649495750453341
65	0.13343837514173718	0.033434641722826175	0.04934761602160942	0.05440699256371628	0.07834768710643869	0.1557239465906921	0.09076231468654283	0.10444361182295736	0.16400469714872834	0.014842939430132707	0.12286245346837643	0.19610946303058618	0.09342845484724771	0.051172834990721006	0.06874666336969826	0.09499260947327459	0.05378758119705007	0.16032055833494374	0.08170072488320601	0.10130867286497836	0.1933556577207005	0.10211337501173245	0.10648886213782571	0.03882049890853678	0.08217737070260378
66	0.11713920732733007	0.1811245600547069	0.1264768291694618	0.16141105492404717	0.07850836928983507	0.042139918184987746	0.0875968193195863	0.06828848902893603	0.12623127372800336	0.08543820385135803	0.06343828762214354	0.1736113291293423	0.06762224289857643	0.12846277705498443	0.053385308664154474	0.11387323051076892	0.10702279498975986	0.06426977110026677	0.13568855578422034	0.03980780273165885	0.13997620327618188	0.10955297505988593	0.13113828659260396	0.0832862085595043	0.08151406022640517
67	0.04045702549116459	0.1003325395505229	0.11145679345315673	0.07269031330210118	0.0133705782629564	0.09176149138182799	0.18506843654176086	0.11329259412779258	0.09177190858498685	0.011165747701403328	0.15710971128256523	0.12945649118029368	0.12843325219684576	0.05492005943450862	0.07989611846835043	0.1635107290891149	0.13730528864732294	0.1100769421385498	0.10247004286219685	0.07645469732100585	0.1360407612807727	0.20921167675137076	0.09540433307160878	0.05543256624572601	0.06350159492712659
68	0.2282707406049267	0.04800297766433692	0.04455401257870706	0.09353858723922481	0.024397683745557064	0.12366816249802759	0.0900005745238468	0.12286588752349292	0.13794284969921689	0.08176574379942225	0.1535061601005273	0.10566316670140019	0.14308444204657733	0.08419378715755466	0.08891288313361467	0.10156559504764906	0.11941239497974387	0.11954386513519955	0.050840674608307435	0.05906810630798642	0.11867888475618427	0.09468086768646988	0.12347703492778472	0.0629373380640117	0.0716696541405758
69	0.30445120972730366	0.12670839948919133	0.1273896643221505	0.11481588099031503	0.05568096468566153	0.21119001120820746	0.19376906023920604	0.14620900471830833	0.045608389033873875	0.10020666490210628	0.07950793544628698	0.1476566955862093	0.10381895880361958	0.06253597032099212	0.07396676468249519	0.13251290382382297	0.11269917321178191	0.1098214431881348	0.10182605611751616	0.14910289258034903	0.1404603417267859	0.09345967203367378	0.07838392607044875	0.09925193012089739	0.07652609182334802
70	0.007540864720349871	0.05723403284188444	0.06241142348158968	0.0622866661654391	0.06126249777180437	0.16074449615868835	0.11615341346363872	0.11836830948333243	0.03994270532532984	0.07890186411435174	0.10193762370411974	0.09632731245674142	0.1176953453043712	0.0875936613303977	0.07961779365086064	0.09173691364700509	0.09312771461729497	0.10359194710806208	0.044634306938167834	0.04631073952666398	0.09473329369051064	0.09932807899337914	0.10098390009296854	0.09149848842035413	0.11464025605536632
71	0.017813842920589962	0.0011434531602634301	0.10014832514326366	0.06212485683448665	0.10111512338109918	0.04591999923876855	0.16336530973704533	0.11367345472969337	0.07650113277900139	0.11867497205351252	0.10330463619303054	0.10018315949563439	0.14105221415905778	0.04142838143635352	0.0712332243824475	0.15173326357730588	0.130791179506767	0.11425841309686491	0.1037321529745	0.08872712936171545	0.17231852096792055	0.09970628578342744	0.15402574148629922	0.11760958074458838	0.08233521964938695
72	0.020818672597763488	0.16614513220891391	0.12601375534714776	0.11816695246840625	0.05299175610366791	0.1435919060370231	0.2111523030096336	0.16266661056668652	0.08484195764576585	0.0315624857883855	0.14866587798696385	0.18202324670974102	0.1706527136001249	0.09914004423802336	0.06532288717991297	0.14459847474921594	0.12266905715656617	0.08805812378213052	0.08004489590835961	0.08683743683693834	0.1130593552659559	0.13468482306406104	0.09460473275433434	0.08420065905014862	0.032154428953874215
73	0.06495810567459603	0.05527407027685027	0.10446771419033496	0.06558417216339985	0.05166763670770913	0.21366647304946873	0.08748015925032471	0.18989267301465618	0.17218505776607518	0.1422466593998888	0.08781586330343738	0.1148652221450931	0.09306237270118745	0.12626636750966114	0.073883671064362	0.12881853749367744	0.09478264554988891	0.1064389245151306	0.12630013430005105	0.06600219590583645	0.21365427657295022	0.12415067764922127	0.12048922795874639	0.08347561437735551	0.08653905938775219
74	0.1303396141097547	0.0849563005257945	0.05823264592102151	0.06257843861292534	0.17130990370994947	0.14261842767861765	0.18491846342680507	0.10609486228349496	0.15127153091570977	0.13646079159060953	0.08415326231973441	0.0846803199054168	0.097977888340683	0.10969833945051255	0.10449703570141033	0.061063814785058956	0.1614500340657522	0.13959571805157123	0.08930875776344904	0.04931177674383891	0.15234969399536213	0.0969558442778301	0.11200843797745597	0.07787651805516638	0.06017180838677849
75	0.150236299154062	0.1655496541146365	0.05562648510194079	0.08168056626471476	0.044300289804435566	0.26830681123412503	0.15385359119924436	0.07934910279480067	0.07619566985105297	0.09633069732655297	0.10470926991897489	0.0755396950341769	0.0995724122156536	0.08199459790412666	0.06457968938684355	0.12081617857811366	0.10733263370105284	0.14331234519231462	0.03661004704011317	0.058663574245972794	0.13878268046147635	0.1002840330466862	0.143398804942778	0.09533726541257226	0.09582213499809866
76	0.1476050941461755	0.1560683479206202	0.2041993260164935	0.1347437146332212	0.09703060242487482	0.04411375214114055	0.08176198436613902	0.06940416220148038	0.06185823336331986	0.04337799343662019	0.17491952310833947	0.09201726188756232	0.08333004889865414	0.05208459795866682	0.06676571672467957	0.2115227034673215	0.08668059939784079	0.11079684310432181	0.07422988978233624	0.06073339528666821	0.26228935297157574	0.11871416877793528	0.08551999786719267	0.048216870122674726	0.05503694742319354
77	0.2658507992576937	0.06409380110147611	0.07030941298686788	0.049719884947062476	0.08427047214090144	0.15762011011237897	0.17048448513176595	0.14519815196117425	0.036297469417857164	0.10042104624207704	0.12067729977639519	0.1337470417232809	0.11062647944714654	0.08165695788725291	0.07961662753457566	0.11130055802519023	0.09360059663600928	0.11418229609971764	0.055422419066127215	0.08959884259854711	0.10682619185229447	0.08269755159778613	0.1018859456883332	0.07626473858655858	0.08790316747919835
78	0.22675818933918868	0.14259645071032667	0.15940356407223888	0.01273362517997545	0.08514899213299765	0.2243353722337057	0.018689339129263405	0.06995399345085263	0.1041335072363685	0.04541617748499627	0.13198846493359329	0.09383089785371301	0.0918361302289884	0.15120874975508303	0.04750669173387079	0.15372209615833177	0.10127133929146137	0.13455048180193618	0.0822100391506766	0.06947221933395242	0.07811674930977341	0.11769946027195843	0.10231770701231668	0.10714016723624686	0.09583280110184211
79	0.16283013524547085	0.04041048655995927	0.10210191110647737	0.13684399629744404	0.10254318828017528	0.05834636611727628	0.0850786675264158	0.08079083534693055	0.08047957694749586	0.08889408226718098	0.16295450683344315	0.05805964376422257	0.08177067305968277	0.10703022898625159	0.10304107969880938	0.0880274832403446	0.13050119586412856	0.11409969509591256	0.06669954118378163	0.09166061241514101	0.11930915937689801	0.0904013331936544	0.05676103775067742	0.10043798653399916	0.09503614065602983
80	0.12495693731896296	0.0015558016772291294	0.08688413308191445	0.03467966007864187	0.03298555428566019	0.07146488249322003	0.05963776917891905	0.08212887228160626	0.09826717700637488	0.08817935138974142	0.18680115051785928	0.0965927967031015	0.1004017370692265	0.10004177007589288	0.07425681766223213	0.15375983032743157	0.13123633700580528	0.07692924558705427	0.11765884555569872	0.07006863344235192	0.09309820884224396	0.09003326170613535	0.11993496276869464	0.06851137225507253	0.10781659461185167
81	0.13340697510439192	0.30470993159126625	0.1411246735861088	0.01003614740505232	0.09905429020100065	0.06338594932856056	0.10722167520366643	0.09389119225824183	0.11295099393964603	0.09218286047691304	0.14266905594849288	0.14870127325188987	0.10184307250962243	0.11300180867014298	0.05042038518696079	0.11370943052881233	0.15800288863306788	0.10331353360717199	0.1571062903811108	0.04072283927223519	0.18320324751774997	0.11508990106581052	0.07921073506502874	0.08825077488700939	0.09765391425827907
82	0.19792689274533637	0.14476992264717292	0.029433627032584897	0.11215815490071346	0.12161428664806895	0.1698573242053818	0.16484933337260932	0.0983583070325117	0.07292805131981384	0.03624630808452434	0.07075137968604561	0.13619815148257364	0.08549012287339586	0.038645248021784484	0.046220786361223065	0.25500674118908806	0.11587017209439643	0.1337127429552889	0.11966324576934217	0.11576687489087711	0.1362444993591757	0.16759777242103047	0.08681144086362003	0.07917882670047216	0.1127195608009306
83	0.11193571382089773	0.22612888653995677	0.16534184007147001	0.20627093241512828	0.06333080513758993	0.13094426115717284	0.058766142543824285	0.24962606883852534	0.09734289030890819	0.13760184705378165	0.08403588685311736	0.14973274481542842	0.09600242823970107	0.16118244027683282	0.04152732780502666	0.17056392849108037	0.09676450852420082	0.12721717386264908	0.05516642802061156	0.11261065432123318	0.14198615159229677	0.10260075210516606	0.11882543128813228	0.06608774766113401	0.09262019676167754
84	0.16029596689827952	0.21675210172034087	0.1917591162214498	0.19618467437008769	0.02672813867711521	0.11919797795593534	0.13593038654331147	0.07156598114930424	0.09310872140483528	0.08972660638304886	0.07174146043673812	0.12028681481320413	0.06725688885431003	0.05483627306496752	0.09209780795017952	0.14935404265344232	0.11622852682023022	0.0750454172992554	0.08156029664148379	0.09109163484067984	0.1487449588229287	0.17065234902307813	0.09328054154258836	0.08158397631336511	0.10135788896394726
85	0.21069728428379841	0.17990905718471129	0.1680617206874303	0.11533000528353976	0.07497711557363729	0.12266980451927967	0.08529354722479321	0.05549181039774198	0.13643571911297936	0.0862009054926619	0.09077771413665725	0.08579105640683826	0.055607209993555395	0.12113521902974433	0.06656168591939349	0.14210317021117236	0.09451242741997634	0.10988550948607512	0.0925341321497648	0.15519922020208832	0.09893278328617072	0.10895195191701867	0.10751371527508424	0.10181570804701368	0.06734294329946378
86	0.12122524458664152	0.14896197425687296	0.10139420951128442	0.1526730103474634	0.12319287239318288	0.1292743460448671	0.1474545710253683	0.07531230421836244	0.09400496071282582	0.11152280097269662	0.09024553707180227	0.12778853237429688	0.0739861909791959	0.06085768884586584	0.06222420573832099	0.14439139622416486	0.15351158184970937	0.12743841843450443	0.10515859692231821	0.08535377191488291	0.14060743480733484	0.10386177545513386	0.09374148661075665	0.10055960746617065	0.09849511850123793
87	0.049297049150002326	0.07751312871926797	0.07146076709786497	0.1116777463040387	0.184643943318064	0.078658457732947	0.08704573943249838	0.034786731695039985	0.09492223708106373	0.11881893018477607	0.11389981402802185	0.1344500725509864	0.09166951931016809	0.10088557227995265	0.11204488030823512	0.16412161280877136	0.15681368241154436	0.06366294500516478	0.06356665355847435	0.06926960927131187	0.12276938967107909	0.08316288722029364	0.09197698851570102	0.11549622679273486	0.0604374674560757
88	0.17547886601772922	0.058705524502710826	0.18057256751873973	0.05980515858428759	0.09493425577591974	0.13725674394034793	0.07470399545590689	0.12073372034967578	0.08092617862018903	0.07556101334612031	0.19183974544641025	0.02579518903257605	0.11289324606336404	0.08357707192105401	0.08953259933700408	0.1321240862545221	0.19622676183401522	0.11798359281675397	0.08962643695210915	0.070345757790933	0.16186177153585335	0.18223464099496378	0.09797153319062513	0.06970861439992493	0.09108859451899098
89	0.08033868165301661	0.031918532270927336	0.06852847149077423	0.07427476798942345	0.11749065007749326	0.0312656238828517	0.07946104946412613	0.0991298709177546	0.04835614483166317	0.12733042736991418	0.13449812672789907	0.18794255384293246	0.14501645880030922	0.06827920405289711	0.07006085632777259	0.1396916194520489	0.06893986113932948	0.08386469478703584	0.10426965504108654	0.11855857889106192	0.1786473381498258	0.09170090063835912	0.10977551260533647	0.11724305253826894	0.06907526401527175
90	0.22198044065638922	0.12950735500293775	0.10968642542229123	0.06886285228805167	0.08901665012276672	0.11204532084802221	0.08164362478063825	0.07392834956017635	0.06523767365037358	0.12827992545159084	0.14492035460280384	0.09567008203968319	0.11782592467417519	0.08115577054674294	0.08209261653317668	0.17166733500540998	0.12042483263459436	0.09721808119809128	0.05224547341452568	0.0875604481679485	0.1390057782817543	0.12694554279384018	0.10425711530128667	0.0458276965961385	0.06669350743649427
91	0.06975277146529668	0.07979815688587655	0.12436426691334812	0.15041295791157772	0.05084258530660357	0.08143348496855995	0.0623944826077476	0.09726430907177075	0.10024108252453634	0.06822301223222482	0.06316701035477279	0.0937111744989314	0.08114298545015253	0.07274738247592316	0.06527897265914462	0.1836886100343793	0.132802571001031	0.11488426230505566	0.09316942389212723	0.0605007020760282	0.12614529430166854	0.10471359737344055	0.10745575506446992	0.08710639849256174	0.08373637422301117
92	0.11936391800916069	0.15325540482594346	0.12754194310243594	0.0859491819410293	0.14009401791451237	0.20207271027699458	0.12891972735423962	0.08051214481348001	0.144295962986407	0.12827876701660246	0.14572558785922685	0.10445670602940249	0.07727335647055944	0.041994724668381944	0.03608482398396218	0.14243824683577544	0.1208482529584779	0.11378483665203032	0.12221978349261275	0.05799402412624233	0.15827798886778843	0.10505591861364727	0.09255036150872309	0.10085712219838772	0.09023839417356061
93	0.18365069491661612	0.03706966818223767	0.03323461488334578	0.05705130069332376	0.18682735136380035	0.03919835176739417	0.08125593985098989	0.013539848085037609	0.09881203535575189	0.10723237014218456	0.1030939277171341	0.06267027188897956	0.06604446596039548	0.06384289060332937	0.08357012859691781	0.18078026532134894	0.11149173122283951	0.07946630533090904	0.07392615012590797	0.06320397315699444	0.13804622164157665	0.09480223660373022	0.09138901640413533	0.0958707568279542	0.10933370884212279
94	0.22029933123038237	0.11062566632454163	0.15085115130755955	0.12262490940081894	0.10981763756359253	0.18671032518680863	0.14383502704739737	0.08504698397628918	0.13188969025024766	0.04938658393371065	0.08081792375344155	0.06560324459130129	0.12595628266440329	0.04265292466730064	0.09888306885453602	0.16720404523670007	0.10190978787403515	0.11846005191365983	0.06679168790281109	0.09603658508325341	0.11622919573959767	0.12572480421992005	0.11012034781932378	0.08040709053215755	0.08380768319072995
95	0.042214263069126456	0.10759969247364842	0.1380916645734327	0.13317856415321594	0.06625945108453246	0.06334079617619659	0.12871618652319594	0.04276417355679474	0.0694084246526121	0.0756282947015754	0.10000261245456765	0.048486335557786475	0.14170428105458222	0.08409272224360653	0.05110313746305839	0.11512696185380433	0.047525634386796134	0.11745199194377387	0.13176576169319698	0.03236268017429467	0.1333411517405737	0.08639083411512138	0.08668717395225878	0.1411381079974744	0.08161871663690068
96	0.13402134647506303	0.09783956111701042	0.08214842999808425	0.120880053819304	0.13472116615233798	0.04212037522591283	0.17277300506677884	0.07179088167252723	0.11086821684660064	0.07794334916381251	0.08657814894483662	0.08202596969772213	0.07553633737959164	0.12754371833265188	0.0895758578117376	0.1376346849621698	0.12361064716729409	0.17125567190098967	0.10042010778266519	0.06919758343614779	0.12379731966255336	0.10549804896927173	0.10922643454689351	0.09353262985502286	0.11283040691988544
97	0.1119060585156253	0.048566089767515974	0.10422449930558886	0.114564253279411	0.04047875158902736	0.08439138896718867	0.07254668139587361	0.08360493413145842	0.1631802599214699	0.07703792744772053	0.1815553568595355	0.11590011922426946	0.10426648546811623	0.1389226253251954	0.06426511720047934	0.12336461054473202	0.07745178378484685	0.12116144035847787	0.08787137826919145	0.08988010421921155	0.10586766639079748	0.14155725538025132	0.1241336829439279	0.059389283077714405	0.06889796644150137
98	0.1431285190704158	0.06256971241927334	0.14024862496835022	0.09183774631074337	0.1402776870475354	0.14444060937435954	0.05749385585675604	0.03516448006625161	0.1732283036521528	0.08344288217741092	0.1419903908297918	0.14969567362187297	0.14922833743946218	0.07902743158009895	0.054415246559139985	0.19513833076861942	0.11040893029157728	0.09280393641487938	0.1078007862539222	0.1033409268283979	0.0707302270165584	0.09676713104543366	0.1277916786736767	0.08352849933651885	0.0655012180465524
99	0.11995574508069529	0.05070089489765406	0.022203610451371758	0.037149947780777404	0.08249960069003559	0.13436832686888145	0.1261503728674671	0.1153175339860224	0.08715602331634376	0.07836101047896149	0.14620540997534048	0.11934877354245621	0.11511186753378633	0.07525316598280574	0.05008421998810508	0.07741136014962346	0.07521247132382314	0.10189443230519635	0.09225307206937394	0.10191540958061973	0.13641082125780413	0.09688224278045099	0.06570299216549202	0.032918255072533875	0.0733737399215012
