	PC1	PC2	line_1	line_2	pseudotime	cell_type	AC
SRR4047452	28.5962185182224	9.778169143438259	28.112372398380398	-10.357821630478199	0.0	iPSC	1
SRR4047453	27.1482009952599	10.786016345032401	27.7548113867801	-10.0593480557053	0.46576426639915103	iPSC	1
SRR4047431	26.9166389629566	10.7289926844931	27.590270945202302	-9.92199911604494	0.680096457496116	iPSC	1
SRR4047415	26.853740079424895	10.710666586842699	27.544186154139105	-9.88353017357869	0.740127012231245	iPSC	1
SRR4047430	27.634126643175602	9.73688983761551	27.525052167639103	-9.86755821821465	0.7650511530897941	iPSC	1
SRR4047450	26.475481847002897	10.1234050843413	27.0321897000663	-9.45617970020977	1.40703689827252	iPSC	1
SRR4047404	27.0099160611057	9.43997518126893	27.011086699747402	-9.438572147679382	1.4345207576916	iPSC	1
SRR4047426	27.4261985996174	8.64421400323462	26.8650682554594	-9.316739830503652	1.62469041768154	iPSC	1
SRR4047425	26.3199135120465	9.568256823608301	26.667286336335398	-9.151756302179741	1.8822506089972901	iPSC	1
SRR4047424	27.691019209660503	7.79623941882353	26.6044200228892	-9.099330002369811	1.9641083531518702	iPSC	1
SRR4047441	25.783736585982105	10.020901632953	26.573618404824	-9.07364566886036	2.0042135231833798	iPSC	1
SRR4047410	26.7747272814513	8.68379436192297	26.5005238990417	-9.012696426336051	2.0993850364625297	iPSC	1
SRR4047448	27.2034011374957	7.931155913879981	26.3833351355272	-8.91500815661454	2.2519504464847597	iPSC	1
SRR4047440	26.9392731589852	8.228482742848769	26.3737181886717	-8.90699218549978	2.26447008944032	iPSC	1
SRR4047446	26.0163355729659	9.23801633664577	26.3256492663271	-8.86692550957648	2.3270477197479	iPSC	1
SRR4047406	25.9997557101163	8.99042815181327	26.194036772315197	-8.75725807705197	2.49836261792239	iPSC	1
SRR4047422	27.4619958758817	6.83571582875296	25.997893387007604	-8.59387309915547	2.75364065967722	iPSC	1
SRR4047435	25.6720241231525	8.3457487961347	25.683440714472198	-8.33203415159266	3.16283513388902	iPSC	1
SRR4047451	25.5305869853199	8.36399785457716	25.608857383449397	-8.26995535472738	3.25987352982943	iPSC	1
SRR4047434	26.232477229163603	7.4763055640915	25.587043176210198	-8.251799662479451	3.2882546643817996	iPSC	1
SRR4047408	25.3956684197983	8.25985786513325	25.477934348013395	-8.1609970543786	3.43020483179412	iPSC	1
SRR4047437	24.4569900898107	9.04599252361802	25.309776423985	-8.02106934427488	3.64896692053073	iPSC	1
SRR4047454	23.7533560653588	9.80572966132632	25.2674656107815	-7.98586641308269	3.70400737182305	iPSC	1
SRR4047405	23.6114340281888	9.74193507386716	25.152127095669304	-7.88990767725878	3.85404420746421	iPSC	1
SRR4047445	26.202513083381902	6.41723101157426	25.0489111044285	-7.80404337943928	3.9883059610944303	iPSC	1
SRR4047444	24.6959895042688	8.20300451337499	25.036443704909395	-7.79367347485355	4.004522340834829	iPSC	1
SRR4047414	25.734894233196396	6.62234665597405	24.873431477801	-7.6580907990923395	4.21654981111503	iPSC	1
SRR4047399	25.7563956083034	6.5542367934311	24.8527321046136	-7.6408762450157095	4.24347201240704	iPSC	1
SRR4047443	25.5620788965227	6.77658399408206	24.847169325328696	-7.63625016539792	4.2507070055654905	iPSC	1
SRR4047449	24.3748631357283	7.931266420527719	24.7129607821078	-7.52465490023115	4.425250513840981	iPSC	1
SRR4047396	24.919113070327395	7.25450724168935	24.7020374770574	-7.51557216758862	4.43945666129481	iPSC	1
SRR4047400	24.520736678972803	7.62606761174428	24.6491530199533	-7.47160391537389	4.50823146050221	iPSC	1
SRR4047398	23.7499076028884	8.386302539297809	24.567036542076696	-7.403339124713661	4.61501721602579	iPSC	1
SRR4047442	24.317280195949696	7.60506797174456	24.5184990781835	-7.36299135573019	4.67813478777187	iPSC	1
SRR4047457	24.431282788642	7.4349860855752805	24.5023110034645	-7.349535507106269	4.69918505202909	iPSC	1
SRR4047419	23.228376151456498	8.66846854415241	24.3971853415831	-7.262160130906481	4.83588128881731	iPSC	1
SRR4047417	25.1607541606414	6.23320800667582	24.3430525608735	-7.2171696819738305	4.90626948699369	iPSC	1
SRR4047401	22.781196867829298	8.57534733530188	24.0866342989043	-7.004117077745	5.239648756355111	iPSC	1
SRR4047403	23.137034141346998	7.84787528729083	23.939399185205897	-6.881808011683919	5.431058490555121	iPSC	1
SRR4047412	23.8687103283689	6.80061702625573	23.857661072460104	-6.813920602520749	5.537312052369031	iPSC	1
SRR4047420	24.120956915043603	6.12337053903771	23.674188741191802	-6.6615931247688405	5.77577747296345	iPSC	1
SRR4047423	23.541651496401602	6.81188918493042	23.6695829202762	-6.65776992177792	5.781763328576179	iPSC	1
SRR4047436	23.7812668082852	6.30075598102695	23.560250310605504	-6.5670150340047595	5.92385509185651	iPSC	1
SRR4047455	24.2900839861451	5.57193048057784	23.5035187370673	-6.51994165476892	5.99757330174258	iPSC	1
SRR4047428	23.4738308247194	6.45745993564132	23.455231076114202	-6.47987736322996	6.060317589584921	iPSC	1
SRR4047411	23.097338919804802	6.84511290689675	23.422685311981397	-6.452875557990849	6.10260617254956	iPSC	1
SRR4047429	23.057577272268897	6.098720222870621	23.0322562993666	-6.129282461138411	6.6097031128644	iPSC	1
SRR4047427	22.5541114658301	6.52133046757787	22.9413353245543	-6.05395396198523	6.727775152083991	iPSC	1
SRR4047397	23.4307463561904	5.00332907984853	22.716140497557998	-5.86754561797833	7.02011191135543	iPSC	1
SRR4047447	22.8055596384585	5.4375558349074105	22.558079993946098	-5.7368480937862	7.22520936534254	iPSC	1
SRR4047456	22.9275681941033	4.97900227970963	22.405632108731698	-5.61087108549762	7.422973275911899	iPSC	1
SRR4047438	23.0199518453473	4.76281713831721	22.354399214808602	-5.56855170550684	7.489424305569361	iPSC	1
SRR4047402	22.827793268906603	4.881732364061531	22.298839227529	-5.52267585610896	7.561476409941711	iPSC	1
SRR4047433	22.7736379752687	4.76373954891322	22.208699585875696	-5.4482859475874506	7.67834819219573	iPSC	1
SRR4047416	21.2165849697292	6.1584066885355195	21.9664522577388	-5.248520876594401	7.99233840156268	iPSC	1
SRR4047418	22.4476030349445	4.39549129899761	21.8346455720684	-5.13997523972302	8.1630872161156	iPSC	1
SRR4047421	22.9521829246953	3.7560804753053	21.8216127155826	-5.129244871734451	8.179969044966441	iPSC	1
SRR4047458	22.267846038166297	4.47454236644298	21.766302173009098	-5.08370593127977	8.25161436035769	iPSC	1
SRR4047439	21.580493813312398	5.297621539161041	21.7605301174211	-5.0789536131232	8.25909106775949	iPSC	1
SRR4047432	21.7337298401613	5.00547693499347	21.708502435295802	-5.03611755677553	8.32648400085155	iPSC	1
SRR4047409	20.4302969191649	5.2435643361808495	21.046613692382103	-4.49242730427216	9.18304444744192	iPSC	1
SRR4047407	18.9661564231878	3.8176118323779797	19.4711890578321	-3.20119060561409	11.2200164627402	iPSC	1
SRR4047297	5.31065643250769	-2.7334279035143	8.42521079279325	6.33177605744434	25.810804283509	MN	2
SRR4047296	2.8168548464757097	-4.55251482315741	6.37341320363115	8.136043140431841	28.543065810823602	MN	2
SRR4047335	1.28757627751642	-4.2682550178224306	5.745123366581451	8.759604411010692	29.4282645328662	MN	2
SRR4047282	2.1465922137967604	-5.30949391506204	5.657271421762361	8.846795174100938	29.552039301606698	MN	2
SRR4047281	3.8561857548265	-7.46237883282826	5.44211393593477	9.06033336511674	29.8551750842684	MN	2
SRR4047356	1.57051494766135	-5.950380914175001	5.04662247071224	9.45284832559308	30.4123837464962	NPC	2
SRR4047348	-0.10321266189778501	-7.298048395208499	3.6558410554917202	10.8723452854636	32.3996543782935	MN	2
SRR4047372	-0.375247275695275	-10.4770496644509	1.86332560803031	12.7506653292188	34.996036055967394	NPC	2
SRR4047375	1.4599366126905102	-13.413019132948401	1.32736152516027	13.278368705455899	35.748185211001704	NPC	2
SRR4047366	-1.0677249268832298	-11.9710747142939	0.764786733938302	13.832272644548302	36.5376787001835	NPC	2
SRR4047383	-0.6361292277177829	-13.500616269153099	0.15164166698234602	14.4090580097456	37.379479288588	NPC	2
SRR4047380	-0.729669881482862	-13.4256346904595	0.135363454013165	14.423173942360599	37.4010255126438	NPC	2
SRR4047246	-0.651478667108672	-15.0868623652459	-0.670396128628924	15.0592125302779	38.427570002833704	NPC	2
SRR4047382	-1.3937389317753703	-14.092512880558699	-0.712590962816245	15.088081388013	38.4786954855114	NPC	2
SRR4047361	-0.36138940205065795	-15.757898269267399	-0.7855243695136659	15.137980959433	38.5670654410415	NPC	2
SRR4047386	0.5036208063903571	-17.127489746470403	-0.8345923185327869	15.1715522642353	38.6265187515218	NPC	2
SRR4047373	-1.9968182377096102	-13.881901177937698	-1.18502387293924	15.388218618245402	39.038521886563004	NPC	2
SRR4047251	0.289326208441395	-18.6541384000048	-1.40645237854214	15.507552304650302	39.290059382385294	NPC	2
SRR4047368	-2.50385822705934	-13.691353065857902	-1.4983650699741	15.557086488454301	39.3944700054626	NPC	2
SRR4047376	-1.17245200588827	-16.3734369227752	-1.5867377579442299	15.6047128706325	39.4948592691238	NPC	2
SRR4047357	-0.8433291755925558	-18.288087514077002	-1.81282631983887	15.701337171372499	39.7407297498918	NPC	2
SRR4047245	-0.604626022071861	-20.1332894103444	-1.96552760755218	15.758568617297803	39.903803725963996	NPC	2
SRR4047355	-1.9422141784606102	-16.3657144729442	-2.10850139535463	15.8027490371928	40.0534480158674	NPC	2
SRR4047266	-1.76565095748867	-17.144884977248598	-2.1296756495681	15.8085168726745	40.0753937892108	NPC	2
SRR4047277	-2.16257816952712	-17.696846056173	-2.4548763223332	15.8780660526687	40.4079483952603	NPC	2
SRR4047258	-2.24740757771428	-19.554000417429602	-2.54965718627541	15.890441100717899	40.503533718317	NPC	2
SRR4047269	-2.35455260438392	-18.491415942668397	-2.54965718627541	15.890441100717899	40.503533718317	NPC	2
SRR4047247	-2.06277848162106	-21.2266472745708	-2.54965718627541	15.890441100717899	40.503533718317	NPC	2
SRR4047264	-2.3125920695196402	-19.581026362240898	-2.57703911774899	15.8924041835717	40.5309859288931	NPC	2
SRR4047253	-2.49898825196916	-17.351901927850598	-2.60348755233521	15.8943003415727	40.557502246647	NPC	2
SRR4047268	-2.3715388042651604	-19.7652566836385	-2.64882484319888	15.8975506914765	40.6029559012564	NPC	2
SRR4047276	-2.3243128274775295	-20.9344682346087	-2.68523557972413	15.900161073166801	40.6394600904254	NPC	2
SRR4047250	-2.6341936864952	-17.7539170918125	-2.7390407913966697	15.9040185106372	40.6934033998063	NPC	2
SRR4047256	-2.5179366191719303	-19.8107380700582	-2.7390407913966697	15.9040185106372	40.6934033998063	NPC	2
SRR4047248	-2.64181477019067	-21.2813613715192	-2.7547390390487703	15.904348194251599	40.709105108969	NPC	2
SRR4047377	-2.7918232911078196	-16.7618619719726	-2.7977804812124996	15.905118165868002	40.752153437622106	NPC	2
SRR4047395	-2.80468708781744	-16.4811832541246	-2.8049014107416896	15.9051612483127	40.759274497477	NPC	2
SRR4047270	-2.84431586014367	-19.7271851951588	-2.81847128206111	15.9051662973117	40.7728443697357	NPC	2
SRR4047272	-3.0145313484874396	-21.305701613832397	-2.8643672895748598	15.904576885892801	40.8187441617998	NPC	2
SRR4047265	-2.8796637203895497	-16.1160697646098	-2.8734087185571897	15.904309818603	40.827789534261996	NPC	2
SRR4047273	-3.1072670226912003	-18.9314662875711	-2.9388401291118504	15.901648152109802	40.8932750590418	NPC	2
SRR4047275	-3.12904775341915	-18.886972912706	-2.94443997816163	15.901301906434199	40.898885602281794	NPC	2
SRR4047384	-3.13122167146198	-17.7042574265718	-2.99173180363406	15.8980042128054	40.9462922636258	NPC	2
SRR4047257	-3.0878166814238197	-16.393354841103	-3.0360406818787005	15.8941196280144	40.990771097809	NPC	2
SRR4047267	-3.52311779489137	-19.528127766728698	-3.08760355442773	15.888430518636198	41.0426468704879	NPC	2
SRR4047259	-3.15267861675322	-16.1520133474389	-3.11679019763744	15.8846796724024	41.07207354188171	NPC	2
SRR4047262	-3.67310433760403	-19.8125868066224	-3.1174238932013	15.884594601443801	41.0727129221564	NPC	2
SRR4047249	-3.6936422477877997	-19.810539204357603	-3.12913387669634	15.8829115539921	41.084543237544295	NPC	2
SRR4047381	-3.15879133477938	-16.0023837567308	-3.1413671748591296	15.8811532917958	41.09690224518621	NPC	2
SRR4047365	-3.21176957050198	-15.851285134574098	-3.21529859507687	15.8691240120214	41.171808841387794	NPC	2
SRR4047252	-3.67580927907971	-17.7009970115522	-3.30490412895935	15.8513975529407	41.2631509404107	NPC	2
SRR4047274	-4.36039769537439	-18.707621294576498	-3.48175736061997	15.8056045684935	41.4458366349064	NPC	2
SRR4047261	-4.427029223108031	-18.2329727238707	-3.55227321019445	15.783726577281001	41.5196684135705	NPC	2
SRR4047387	-3.3442862105712496	-14.8314455060672	-3.6706108445881895	15.7412833144509	41.6453872517515	NPC	2
SRR4047374	-4.60141869017404	-17.9253189063212	-3.71619311010776	15.7240508597017	41.694118149820106	NPC	2
SRR4047388	-3.60343597470832	-15.440915032760401	-3.7258125960288595	15.7198302211897	41.7046228296742	NPC	2
SRR4047360	-4.15592337952729	-16.6422110577462	-3.74711862957266	15.7104820017058	41.727889464000796	NPC	2
SRR4047364	-3.57484940604167	-15.0362617859405	-3.85072461272443	15.6650239173394	41.841029364916004	NPC	2
SRR4047358	-4.941296138960309	-17.744792877266	-3.8952652175578795	15.645481314579802	41.8896686371304	NPC	2
SRR4047363	-3.3579310444066603	-14.0900709003688	-4.15855428248019	15.4954942332693	42.192682261028295	NPC	2
SRR4047255	-5.240291099460991	-16.4722652456832	-4.44168263020838	15.320696982998099	42.5254220091644	NPC	2
SRR4047392	-4.75172399638894	-14.4790079405402	-5.05323288590185	14.7917023187875	43.3340189854152	NPC	2
SRR4047379	-5.616033084554269	-15.0558824738323	-5.21287646497225	14.637769400283599	43.5557878194238	NPC	2
SRR4047271	-6.051955967597769	-14.5350358703664	-5.638255340131231	14.177980214442899	44.1821689197514	NPC	2
SRR4047370	-3.60928493825127	-11.4608171266134	-6.3326034027988305	13.258548730276	45.3343292758683	NPC	2
SRR4047367	-9.11639425968416	-14.8958857958032	-6.42470220706149	13.119031588951799	45.5015035037562	NPC	2
SRR4047354	-4.8876308871229295	-12.077973545146401	-6.436839404739491	13.1006453879878	45.523534480887605	NPC	2
SRR4047369	-7.84148552073794	-13.526444426111901	-6.66738929055958	12.7513937200669	45.94201981802279	NPC	2
SRR4047378	-4.94851126084073	-10.540219038622698	-7.19380664458027	11.8881209853991	46.953135560673	NPC	2
SRR4047391	-6.62221663659601	-10.177747730048198	-7.775694607236541	10.756972389140902	48.2253700286287	NPC	2
SRR4047385	-8.29897817581382	-11.0195028447544	-7.7757904426179	10.756781540910499	48.225583587677704	NPC	2
SRR4047394	-5.4907521229846905	-8.5149471193038	-8.21467533069708	9.88277860940666	49.203592314255	NPC	2
SRR4047254	-11.542244914789801	-11.3433650721814	-8.299039857297819	9.7147736368803	49.3915897720627	NPC	2
SRR4047291	-6.10808902120552	-3.91505952475657	-10.185882256177301	5.79307213835671	53.743591252040794	MN	0
SRR4047371	-11.6626679167965	-3.88408412978737	-11.1832504025401	3.6530509833341096	56.104615132335795	NPC	0
SRR4047393	-13.935464177101801	-3.48450840083856	-11.767857813176999	2.4399305461759	57.4512505765532	NPC	0
SRR4047333	-3.56853915725684	4.81756971574191	-12.964818081921	0.0561112501963401	60.1187041039527	MN	0
SRR4047342	-11.5637437629407	2.68082519518771	-13.781015696795599	-1.41547203774286	61.8014803576089	MN	0
SRR4047389	-15.497263363525699	0.5499742870515679	-13.8300608992665	-1.50141369781548	61.9004318650327	NPC	0
SRR4047292	-9.72021257512261	6.7789461032153095	-14.984984026158301	-3.4618318416603397	64.17575310119821	MN	0
SRR4047329	-13.3650602755745	5.28116175343216	-15.3314519779593	-4.00751739521834	64.822137479867	MN	0
SRR4047313	-14.974103918022498	4.991272962115099	-15.6674965623518	-4.52032530608521	65.43524262268281	MN	0
SRR4047326	-15.986313565097499	5.00333052824534	-15.9926345791085	-4.99903733771825	66.01393074176829	MN	0
SRR4047293	-17.0707859672119	6.18591686839615	-16.899010736257402	-6.309225578705491	67.60707573362221	MN	0
SRR4047307	-15.378266841319	7.518072313260619	-16.9545235472699	-6.38655771451893	67.7022699110491	MN	0
SRR4047328	-16.4673813680545	7.9405956789782906	-17.5169686903694	-7.16007781585546	68.65865784811639	MN	0
SRR4047324	-15.3624028312116	9.22327671877032	-17.7263479688092	-7.440115298392791	69.0083157864874	MN	0
SRR4047305	-18.842563793922	6.94515076363614	-17.8931803781493	-7.661285775920111	69.285352666588	MN	0
SRR4047306	-16.4058805588885	9.54151664295101	-18.248212040036602	-8.12678861088436	69.8707929883136	MN	0
SRR4047304	-18.1855967325832	8.934831509097881	-18.614183586954898	-8.60035219203402	70.4692891357908	MN	0
SRR4047327	-20.5527280239478	7.421584912440911	-18.7789287342682	-8.810855486402449	70.7365953282055	MN	0
SRR4047334	-20.0919174459877	7.871302854426331	-18.8255191689078	-8.87006484957359	70.8119373303493	MN	0
SRR4047312	-18.2258803501827	9.622503435783619	-18.9614333530699	-9.042399689595529	71.0314184515007	MN	0
SRR4047337	-20.0383196034303	8.66939965096946	-19.197930835546302	-9.34060066798728	71.41201651078559	MN	0
SRR4047320	-18.7974871440265	9.815974175048801	-19.273780032555102	-9.43556895856347	71.5335569439831	MN	0
SRR4047317	-19.9400791515286	9.64807537749081	-19.6391281473703	-9.89125751120113	72.11762141131871	MN	0
SRR4047289	-20.2977264474804	10.2782222344325	-20.0895335434526	-10.447776696116302	72.8335673757592	MN	0
SRR4047347	-21.572523945146	9.624658691569529	-20.2800323312797	-10.6813163102798	73.134948429489	MN	0
SRR4047303	-19.9373854253771	11.3040289507688	-20.4473054155291	-10.8857004866783	73.3990566956913	MN	0
SRR4047294	-22.4951607905808	9.28237178245634	-20.484911989859103	-10.931540886407499	73.4583491630053	MN	0
SRR4047319	-19.2953671508289	12.1359132236995	-20.5956238342159	-11.0663194252715	73.63276925077959	MN	0
SRR4047316	-19.508375121051397	11.985475753749302	-20.607782911444897	-11.0811006641438	73.6519089524925	MN	0
SRR4047330	-20.111268766616302	11.8186469306801	-20.768544722213303	-11.276424204816198	73.90488255851159	MN	0
SRR4047314	-19.953535478203897	12.0077007999955	-20.7974730314622	-11.311490758094699	73.9503414436149	MN	0
SRR4047308	-20.9444908062333	11.2257617927868	-20.814925910182897	-11.3326469306266	73.9777674643222	MN	0
SRR4047298	-20.862656023990397	11.4720794527354	-20.9027114512416	-11.438989382026598	74.11566241777871	MN	0
SRR4047349	-22.624326232011498	10.2153436702353	-21.0009993420192	-11.5579176932138	74.2699493345128	MN	0
SRR4047286	-21.509503412237603	11.2712105138714	-21.0669391924035	-11.6376073781479	74.37338293521209	MN	0
SRR4047325	-21.4551248333681	11.5019025817746	-21.1583213396562	-11.7479445688787	74.51664839683791	MN	0
SRR4047310	-21.0563941691977	12.0842739682582	-21.2819840272738	-11.897099360155599	74.710399815077	MN	0
SRR4047350	-21.8539187344659	11.489401143740801	-21.3152799737027	-11.9371877186673	74.76251216041629	MN	0
SRR4047284	-21.5214966108112	12.501264206921501	-21.6768485067602	-12.3721155112413	75.3281038761006	MN	0
SRR4047345	-23.8099757768336	10.6911186800392	-21.723792773998	-12.428490146999199	75.4014650632728	MN	0
SRR4047339	-22.6406421867952	12.103958259372199	-21.940063379105396	-12.6879450579851	75.73923691744099	MN	0
SRR4047351	-21.239231089346102	13.321819207038601	-21.9642624895028	-12.716968682667599	75.7770253777661	MN	0
SRR4047352	-24.7003429978238	10.8168250999636	-22.153093972320104	-12.9431904163609	76.071700795299	MN	0
SRR4047336	-21.673513674770604	13.362053608713902	-22.162207088485697	-12.954107343990099	76.0859214913125	MN	0
SRR4047340	-21.302527606012898	13.8102985220577	-22.230103876824398	-13.0354020063397	76.1918403092498	MN	0
SRR4047309	-20.898392172769	14.229676447106	-22.270176815953498	-13.0833680146349	76.25434293641241	MN	0
SRR4047301	-21.871573609194304	13.468819135752803	-22.2959428756772	-13.1142021985623	76.2945254790417	MN	0
SRR4047318	-21.5741099915356	14.0896637042936	-22.478935415591696	-13.333068732279699	76.57981275398721	MN	0
SRR4047343	-23.500721458937303	12.5349358325834	-22.5066220797716	-13.3661797078795	76.6229739411648	MN	0
SRR4047341	-23.048547659407703	13.0632720229393	-22.5806910425662	-13.454724908871802	76.73841424551401	MN	0
SRR4047287	-24.439142468726	11.9157303768242	-22.5885462888443	-13.4641133412482	76.7506554691692	MN	0
SRR4047321	-20.8549617364923	14.918388416060697	-22.590414048596898	-13.4663456501424	76.7535660927265	MN	0
SRR4047288	-23.7392114733535	12.531256490023502	-22.603260762403302	-13.4816997841263	76.7735857701968	MN	0
SRR4047322	-21.4071719551898	14.554043410706301	-22.638422693846803	-13.523723531886699	76.82837953625359	MN	0
SRR4047346	-24.5002698437307	12.303759032011099	-22.8050954172859	-13.7228427243927	77.0880490368939	MN	0
SRR4047344	-24.2429361050975	12.5726206219717	-22.831398407936202	-13.7542631101872	77.12902571270621	MN	0
SRR4047302	-23.9659882620695	13.7495167518014	-23.296944893414302	-14.310015841669701	77.8540047666735	MN	0
SRR4047353	-24.088316690331897	13.890581862896699	-23.417030880033803	-14.453331845352302	78.0409810247758	MN	0
SRR4047299	-23.781560567600604	14.2366240084655	-23.460790307036902	-14.5055310160848	78.1090959341334	MN	0
SRR4047279	-23.470162505778603	14.6404475513938	-23.5310784101197	-14.589370644173698	78.218501147323	MN	0
SRR4047283	-21.6329153599053	16.5179763365745	-23.6966073541035	-14.786732543136	78.4760890943593	MN	0
SRR4047290	-23.4748249550942	15.160038187528698	-23.7888067954814	-14.896636907710302	78.61954538157909	MN	0
SRR4047300	-23.9826296618323	15.0296955195265	-23.9344396011396	-15.0701554250865	78.84607924208629	MN	0
SRR4047280	-23.6257708898396	15.799641191335098	-24.165957715644897	-15.345824545913999	79.20607104966241	MN	0
SRR4047311	-23.5835170697737	16.1355879996698	-24.3137577713869	-15.521742480946	79.4358360956186	MN	0
SRR4047285	-25.3640268963636	16.0325682850781	-25.0006600350245	-16.3382966514069	80.5028859693769	MN	0
SRR4047338	-26.6415130413588	15.5164061505082	-25.2762260097185	-16.6657490645831	80.930859904686	MN	0
