2731
901
4338
737
3335
725
4616
2290
541
2410
777
3519
3192
390
1423
2700
450
650
550
443
1276
624
1873
4156
727
3019
298
2123
4451
3809
456
668
890
2891
898
2591
2100
812
736
3584
376
3427
3658
2740
875
653
3347
534
2422
564
665
2934
2363
564
677
696
634
1264
829
1720
423
2181
481
2381
1009
3861
478
755
754
3936
2951
1789
1174
978
403
671
1441
1661
2532
809
1557
659
4439
358
2125
683
592
2280
3526
1914
1077
734
1671
3877
563
729
1149
1743
4611
2065
714
4467
1942
720
1439
553
1051
745
811
3132
2259
514
4011
416
2798
3866
1981
1917
439
1339
472
949
550
353
575
2524
595
465
468
824
831
512
1112
1770
452
435
575
2262
1370
4581
367
3274
485
638
1065
970
310
1264
841
1305
1224
431
2578
487
3117
478
1111
780
606
991
2103
616
577
2368
1906
3073
3217
688
1071
2094
1862
695
319
1017
1560
3217
832
972
413
691
756
1088
478
514
684
4080
853
572
357
2542
1719
1246
1876
2264
467
1429
1348
1084
2020
1876
2494
500
1559
992
514
1746
563
494
351
1365
647
659
3476
1053
1787
780
2999
804
680
2164
554
2301
648
646
1121
3815
383
2296
4341
1232
606
2371
1824
681
739
4161
1376
659
2785
1038
1051
4504
821
676
418
898
670
1971
1307
3609
744
403
426
2488
3004
1597
1450
1329
4670
3415
4288
949
697
690
635
502
2642
3078
684
1173
336
3302
962
2462
841
407
1104
1580
868
651
3593
607
639
451
670
532
853
1687
3745
2479
1170
493
748
3176
1931
1157
2736
893
656
468
557
4407
406
2065
1606
695
2039
973
1108
4271
2239
1100
3987
754
2485
1177
1123
1405
3385
648
4718
516
417
2068
3274
4077
2374
993
1406
782
640
612
3957
345
967
388
2554
2566
3214
1953
2362
593
766
1054
399
685
569
1735
427
2124
4457
2121
521
3141
749
1525
973
366
700
2014
3740
743
739
1264
1231
1376
504
2202
4528
3956
420
1174
641
1251
619
1039
1271
1167
3527
3839
647
507
3148
932
1257
2333
3219
1335
589
1054
552
742
379
2421
3618
1489
532
1928
397
1246
827
504
1030
415
3135
627
980
604
4570
765
2664
1344
3458
838
750
1011
3159
793
783
653
917
2201
620
818
840
364
1205
3644
2798
1942
2750
3754
874
1006
289
1349
2935
806
472
2756
823
3912
1164
614
2381
523
773
2581
419
2502
753
2217
4114
2941
480
627
1256
1174
924
906
843
1193
1325
4238
1057
1921
939
4267
3090
1806
427
572
2382
1227
453
1106
3446
1015
684
1419
3333
2972
829
684
1197
2148
3494
1731
4403
644
478
704
1128
1796
2764
2585
830
601
2249
582
2713
4162
740
1258
389
1522
450
4504
1333
1312
491
495
3132
2050
877
1633
1049
663
2817
1535
592
3678
736
410
2560
1034
3689
1422
1236
3507
4398
547
2850
2160
1444
671
2533
1651
3403
541
3345
1314
4047
3507
497
1868
481
363
2451
1163
2372
753
455
2277
514
4218
839
1581
2257
1865
623
3137
619
3796
372
1040
1914
4038
643
715
624
510
1140
1471
737
1047
1902
4524
520
2071
668
4275
718
501
844
1059
537
1022
2077
717
334
570
596
525
671
534
2205
4576
1910
2064
1679
1980
628
646
454
2487
912
1827
484
583
474
590
1555
626
363
406
997
4553
405
2133
3499
2030
544
1696
1698
600
3022
427
617
2532
1015
372
1081
964
527
2479
384
423
698
2481
1282
2686
421
1282
431
876
2074
577
1547
792
749
1552
820
508
593
1349
2079
981
977
1330
367
853
744
786
2015
2838
1718
563
406
435
436
852
1027
384
2299
526
919
1151
3473
2261
1145
545
2668
447
926
3247
1461
2157
550
612
696
1683
2552
2806
2600
4315
3325
1341
794
417
3166
885
2144
531
838
943
2954
358
3357
920
759
673
363
2949
666
1806
531
3143
3710
856
1959
2080
788
4388
3176
913
397
3526
1809
2602
707
783
354
691
1402
2608
487
1553
906
2857
448
460
1852
670
748
4547
4438
3233
926
1537
1633
324
1893
800
4296
824
2620
2624
1494
2565
3763
1668
2435
1491
1074
358
3746
2546
772
783
652
1114
631
721
569
577
2016
1283
1101
1236
710
466
594
1103
835
464
1453
1502
4625
3578
676
653
609
738
1161
545
679
461
625
2886
1370
659
1016
1277
769
375
677
501
1737
2280
3570
544
945
416
403
542
3053
1000
694
1918
858
699
3527
2597
2525
532
621
1395
2755
511
723
618
804
720
1322
1763
4344
426
2201
2278
481
526
347
2366
3578
693
823
699
732
441
534
3039
3090
647
2514
567
1519
616
1401
2247
374
2528
3267
1086
917
463
841
3054
3078
329
2568
2787
2244
3745
561
2792
587
2480
699
742
4189
782
599
2243
357
1801
578
1428
972
676
2487
1994
1012
554
446
742
946
3005
2470
1821
858
828
1733
4115
1612
397
912
2925
2496
706
652
1982
834
533
659
709
346
850
798
773
4143
2095
1013
729
1063
1417
1280
4535
4614
1310
2017
3614
1047
354
1123
752
2480
1374
1094
526
533
559
696
1131
399
591
1040
461
586
431
988
4655
1066
667
1460
513
2794
1421
3845
2762
2223
818
2424
819
1949
678
2924
439
782
1973
934
1496
533
1326
551
479
4705
1330
686
848
493
786
910
4829
1466
3310
962
796
1043
780
2145
3754
647
1079
2190
496
949
733
3180
910
1706
313
791
1626
2066
372
450
772
341
878
455
4172
1413
574
1078
1224
614
3436
454
631
1299
539
2386
391
2740
3831
3436
2277
3016
2006
416
462
3079
2234
2498
747
777
514
1011
2142
1105
2913
1818
882
3182
840
950
2130
1397
730
3827
1892
1319
3524
761
615
1462
627
715
622
1156
961
454
1004
722
2019
675
594
727
2143
1431
393
733
850
1127
445
568
2298
988
1784
1741
1474
1283
801
1421
2659
624
1411
1917
1812
644
1121
2034
2736
2481
2176
2137
828
1417
2699
767
1031
1735
1770
1557
1203
732
1775
658
537
715
468
758
1701
369
530
2278
4600
1980
2305
1850
501
1208
2444
2163
1100
1552
1384
477
881
2906
2682
455
2611
427
922
2332
966
412
996
1022
1720
2644
917
926
451
2261
926
2253
821
839
1226
750
1229
752
445
752
1808
1252
1076
1285
589
4636
1157
1394
1733
708
1324
682
309
1709
2479
613
535
599
425
2855
539
2198
559
3270
602
308
530
854
808
518
4698
1971
575
753
1377
491
453
1247
683
879
426
1695
924
866
888
1414
317
738
639
2824
641
1306
784
1256
723
772
1849
1375
563
895
2604
2531
782
601
547
2687
1217
2145
2003
1136
2364
2831
1630
1197
617
623
609
810
620
1915
710
852
710
308
735
4077
878
1082
502
3397
1333
2035
1320
521
689
2551
360
1744
745
2579
612
871
3400
1083
758
847
661
1960
402
1321
949
4163
1990
1707
3590
1269
1364
385
608
2582
387
3529
1268
846
1307
1033
2435
1170
2012
4202
1656
1068
1967
2614
785
2048
1146
2719
365
1768
3004
448
757
458
1657
4133
666
3177
457
979
1143
687
2917
1860
1208
519
762
568
937
848
627
458
2344
3312
439
621
1854
2510
684
1714
791
2791
637
609
1897
1686
1048
3421
710
3776
414
3489
1082
1285
896
401
1053
1058
448
546
423
681
576
3145
4211
1509
1223
2533
598
1799
1057
2425
490
2150
656
4247
1711
1982
1426
4179
1183
535
1419
1715
4133
632
2819
1991
344
1069
4065
1506
1515
3128
4604
1037
3313
510
2643
743
905
560
3289
1147
2928
1467
1533
1133
1031
955
907
3121
393
2483
2005
2879
419
456
559
492
2503
883
2448
1147
595
538
2668
1124
765
533
1346
1302
1747
626
861
3105
515
680
1892
3211
3552
726
2803
678
529
352
1708
1922
3431
414
501
898
504
540
497
1517
832
962
950
759
752
872
1582
2042
306
1486
838
4803
4452
3631
3421
1093
3096
690
370
1065
1537
1644
853
4263
1880
389
4298
1622
2247
4143
581
472
428
1155
767
619
2449
1946
4686
3500
3408
2080
1140
1835
716
785
4440
4664
624
2666
2927
1145
1491
1258
1765
713
1356
2654
741
4202
661
3278
547
4505
2114
430
2303
635
3419
3109
244
1341
2541
312
473
389
303
1158
509
1751
4072
563
2913
218
2059
4273
3698
371
466
800
2777
769
2505
2020
667
647
3501
298
3326
3528
2554
751
521
3171
404
2223
458
477
2865
2218
445
588
604
507
1165
738
1504
312
2069
415
2285
921
3706
307
692
695
3842
2806
1664
1073
781
329
478
1351
1560
2404
719
1467
501
4342
225
1948
604
478
2210
3352
1759
975
583
1456
3776
465
589
1010
1569
4525
1895
607
4364
1780
589
1237
456
971
536
697
2918
2190
345
3922
239
2719
3727
1824
1796
316
1246
296
830
448
258
430
2400
486
387
325
624
754
447
990
1677
317
285
454
2076
1225
4469
240
3211
424
562
931
872
243
1123
682
1200
1063
294
2404
315
2958
406
1028
719
492
895
2035
554
452
2238
1754
2988
3098
604
961
1980
1739
555
219
884
1435
3037
655
870
304
583
699
1021
312
403
534
3907
654
462
278
2444
1597
1119
1793
2174
335
1289
1273
960
1861
1699
2384
357
1472
840
424
1585
442
348
248
1152
581
577
3412
906
1711
715
2894
600
559
2054
458
2175
516
532
1049
3623
295
2178
4215
1101
483
2229
1755
611
556
3997
1266
575
2676
922
982
4401
730
594
285
787
547
1838
1128
3535
615
335
343
2357
2910
1491
1352
1162
4509
3299
4185
789
564
565
466
412
2524
2984
558
1032
230
3206
817
2321
709
280
909
1484
714
477
3497
494
455
375
488
427
655
1566
3544
2352
1032
358
568
3029
1809
1014
2615
834
566
335
367
4316
349
1963
1459
508
1916
841
1025
4138
2047
995
3803
575
2307
973
984
1292
3242
528
4627
342
289
1888
3131
3950
2279
878
1320
682
559
539
3780
231
841
312
2431
2440
3098
1845
2289
521
660
927
289
622
489
1593
310
2019
4290
1937
451
3054
555
1366
890
288
583
1905
3536
682
589
1068
1111
1307
382
2105
4378
3749
317
1035
552
1190
530
883
1124
1069
3387
3644
566
431
3074
857
1156
2270
3150
1201
409
952
466
602
317
2311
3491
1272
372
1855
275
1115
719
400
912
327
3021
493
903
512
4450
646
2600
1221
3389
620
570
813
3087
682
718
449
825
2124
540
738
676
298
1016
3503
2589
1852
2591
3613
775
928
232
1254
2844
734
326
2619
754
3756
1078
521
2305
375
714
2514
329
2409
591
2154
3925
2792
323
560
1188
1031
812
815
766
1006
1135
4135
998
1832
747
4200
3022
1736
297
464
2323
1082
396
986
3284
892
575
1351
3254
2782
633
603
1008
2047
3338
1608
4271
571
354
565
1020
1642
2683
2456
735
449
2151
504
2631
3991
583
1135
290
1375
259
4356
1160
1122
417
341
3030
1989
742
1574
832
460
2690
1455
476
3551
609
284
2471
902
3496
1337
1054
3375
4241
380
2733
2067
1281
597
2403
1558
3314
345
3274
1237
3923
3446
414
1719
378
245
2383
1067
2291
642
323
2112
454
4131
755
1493
2061
1718
472
3026
484
3712
264
942
1748
3928
507
516
541
439
1044
1361
555
915
1771
4351
459
1970
488
4200
583
416
718
939
468
862
1986
543
241
418
532
402
561
423
2051
4480
1752
1979
1544
1853
559
583
318
2324
750
1671
406
478
392
374
1398
448
296
345
847
4474
296
1953
3387
1967
462
1593
1597
492
2818
326
512
2402
910
309
1000
801
430
2396
295
356
636
2392
1156
2585
258
1139
293
778
1978
470
1412
731
682
1447
686
381
509
1217
1936
836
878
1161
294
762
676
679
1931
2781
1544
399
331
311
274
765
936
234
2197
468
818
1069
3382
2189
1069
485
2502
380
827
3033
1256
2071
418
511
490
1548
2447
2624
2475
4188
3197
1241
643
321
3036
792
1962
423
749
867
2837
256
3224
704
650
557
296
2818
519
1712
364
3047
3510
666
1838
1953
681
4244
3061
795
318
3461
1645
2509
566
593
275
630
1311
2511
320
1427
807
2732
262
333
1778
528
621
4384
4303
3137
857
1474
1537
241
1705
676
4110
758
2516
2494
1377
2470
3550
1586
2370
1358
963
289
3683
2436
594
690
548
1015
507
613
433
519
1878
1170
928
1178
535
362
477
979
641
397
1326
1407
4516
3445
531
527
476
562
999
437
510
348
467
2749
1232
555
933
1150
610
282
607
283
1601
2079
3431
382
806
275
313
346
2945
829
573
1822
741
601
3427
2491
2413
373
474
1268
2552
394
609
441
690
625
1110
1601
4250
299
2074
2101
357
334
290
2242
3440
510
708
557
620
298
415
2920
2988
511
2419
433
1314
457
1278
2175
238
2447
3173
975
748
392
754
2849
2972
262
2423
2713
2052
3595
450
2666
471
2322
567
652
4061
583
511
2117
249
1656
420
1360
843
574
2390
1839
889
455
298
598
822
2880
2397
1692
765
770
1580
4054
1408
229
821
2791
2421
583
443
1924
735
446
524
511
270
738
654
649
4076
1992
830
579
962
1263
1166
4326
4453
1182
1903
3430
913
232
1006
599
2408
1292
996
396
406
456
570
999
303
533
937
359
469
341
823
4516
985
567
1388
393
2641
1354
3767
2614
2125
723
2258
727
1878
520
2790
364
718
1832
871
1295
386
1223
455
340
4618
1225
567
770
376
698
764
4649
1357
3221
855
670
929
713
2047
3569
555
964
2083
382
867
595
3072
852
1550
219
629
1439
1882
276
379
691
283
729
326
4013
1297
476
967
1080
504
3326
265
562
1120
375
2305
332
2646
3666
3322
2187
2908
1868
256
395
3004
2168
2418
640
587
349
902
1992
971
2835
1699
678
3018
747
883
1992
1279
664
3699
1771
1178
3401
689
472
1387
443
558
564
1047
828
300
886
507
1856
583
503
548
2032
1269
298
672
731
1057
342
505
2228
915
1632
1626
1394
1082
663
1361
2553
452
1304
1839
1753
529
980
1973
2666
2414
2111
2020
624
1343
2613
671
895
1600
1687
1395
1113
624
1667
522
375
591
400
694
1544
288
450
2176
4473
1909
2140
1715
405
1006
2257
2031
932
1487
1184
303
821
2804
2539
363
2553
334
858
2211
846
342
875
928
1587
2554
746
821
298
2193
862
2165
701
711
1156
611
1167
680
384
657
1693
1155
938
1180
392
4525
1061
1306
1547
540
1186
588
246
1620
2337
551
430
384
347
2783
457
2070
376
3140
389
248
316
685
720
424
4591
1863
505
591
1234
359
298
1190
579
705
289
1517
844
678
830
1219
253
535
480
2703
431
1202
573
1126
528
709
1772
1294
498
832
2508
2404
720
461
402
2547
1084
2084
1908
1023
2281
2730
1560
1139
551
564
432
716
500
1818
599
747
635
228
623
3894
751
964
368
3302
1204
1886
1180
449
564
2362
249
1651
654
2404
496
744
3288
1023
622
711
532
1847
288
1146
822
4016
1877
1541
3497
1189
1245
311
542
2451
301
3362
1162
663
1194
898
2319
995
1931
4138
1456
942
1851
2521
601
1981
1082
2623
244
1707
2794
323
625
397
1561
3934
578
3059
322
874
1052
567
2834
1712
1092
399
679
480
829
709
479
333
2173
3218
298
527
1785
2388
585
1615
704
2632
496
434
1798
1515
961
3300
565
3610
334
3315
971
1207
741
327
981
863
298
463
303
585
452
2957
4109
1430
1070
2372
447
1692
920
2363
394
2028
576
4085
1587
1875
1353
4121
1022
375
1221
1584
4018
485
2740
1863
253
937
3877
1447
1395
2998
4547
898
3103
359
2520
589
791
469
3161
1041
2771
1262
1419
978
951
865
813
3008
297
2359
1947
2758
299
383
454
390
2340
766
2235
980
469
472
2557
992
657
436
1237
1163
1636
548
696
2913
443
507
1827
3090
3475
598
2689
550
323
285
1650
1793
3343
328
419
795
423
373
359
1432
668
828
851
615
622
678
1419
1916
240
1344
736
4627
4281
3458
3358
921
2967
625
283
850
1432
1495
778
4076
1793
292
4181
1432
2094
4055
376
400
255
987
552
463
2380
1847
4607
3325
3299
1909
1014
1694
612
698
4276
4534
489
2598
2866
1049
1405
1078
1634
652
1292
