2321
793
604
2412
1551
2001
2469
921
3179
1359
1363
2483
2757
718
1165
2798
1820
528
2458
651
2193
475
926
510
809
488
921
729
1491
635
1837
3574
1148
830
576
1604
1078
648
763
1584
435
1252
706
588
891
1412
445
1729
2404
2324
2729
1415
2050
2081
452
610
1558
2390
1764
885
678
3323
1680
656
561
872
2245
731
782
3210
467
695
1640
1385
626
528
2857
1194
711
1035
752
2966
2960
423
847
1769
766
1228
698
2416
829
448
1901
1364
3109
867
1390
2340
477
2011
1644
658
3171
577
2187
2383
914
1140
613
1266
832
3177
1003
2202
3639
434
599
971
941
3166
958
808
3130
992
1457
1355
3031
441
503
726
638
1009
446
820
2522
1175
1849
904
990
2013
1710
571
1885
842
2807
1414
2274
1408
1504
1988
2608
526
644
603
607
3139
591
2977
2742
2694
1094
507
670
2464
624
2744
2712
1073
3180
391
1141
880
1022
978
555
1245
2495
706
449
1100
899
1202
2495
1345
702
714
662
809
2550
716
578
2034
1493
2870
375
531
1567
3455
487
3150
2410
1767
1579
2262
606
557
370
901
391
2980
2708
520
484
1101
2247
1528
698
908
357
825
456
1023
3492
628
796
448
649
1504
496
438
2566
3232
1228
1741
1615
443
566
964
670
492
2766
2345
3307
708
907
383
3379
1358
1342
1240
616
1682
710
1904
954
1270
678
1105
1034
1942
2168
2012
522
1836
639
757
354
2933
1110
3243
466
2573
673
624
529
1379
520
626
2622
2583
388
2805
680
820
890
1027
656
2666
1264
1197
550
1225
726
1705
706
1694
3237
718
394
3156
1531
2604
468
1501
814
451
693
425
449
807
2455
1069
439
564
1113
1465
408
522
831
1110
3042
1791
1698
1826
809
1751
1098
1767
811
2434
582
756
937
2314
2600
2274
577
1191
3030
502
539
705
1734
3631
827
2622
2765
642
2396
2257
1063
1383
939
557
1394
1611
1056
888
2943
2457
1548
752
1329
3376
2146
1148
2434
523
711
2739
1045
2193
2719
1032
2562
896
616
3406
2848
502
714
3301
615
2213
493
1362
2312
906
690
1904
2414
396
2073
1078
2342
630
3021
1105
2838
746
1362
1795
582
2200
1334
539
947
3217
429
709
2781
834
601
400
457
806
3028
1098
1225
1938
882
608
1162
2343
453
976
1068
858
2175
3243
1062
1522
664
1528
1330
505
2091
590
761
612
1060
369
921
983
1935
680
388
784
1518
1319
3251
590
399
1666
455
2566
816
1043
2243
1949
699
1537
592
2917
824
596
849
672
451
731
2230
728
470
796
485
1308
509
1423
643
596
823
726
806
738
671
1066
2548
3074
944
621
448
1517
523
2357
1717
1199
886
1336
1307
470
2932
3537
2232
592
1124
1045
590
481
875
532
417
622
525
2861
971
1199
1459
1205
454
1031
1579
1605
2601
2024
818
367
1089
892
3551
2756
397
698
657
1544
557
1046
1446
930
989
565
958
1904
671
610
531
355
969
823
2312
363
467
507
766
1570
665
716
1646
1752
729
3308
373
429
449
2547
1890
1787
1723
1847
626
511
2835
657
3140
1036
1804
1512
801
617
1326
2741
3472
591
2430
448
1388
1311
942
891
2876
608
677
2254
485
413
704
1970
2244
616
644
1766
665
1698
787
929
1988
525
1846
877
993
2576
777
2716
1003
1078
583
972
1827
795
541
453
1019
614
1037
1707
1702
835
1438
1495
841
1319
1762
1374
1075
399
693
2021
1556
608
2050
3298
710
763
461
438
1877
766
420
556
1166
1615
3471
645
1625
3260
798
3350
2086
663
751
501
2024
666
442
706
854
2247
637
3639
887
698
546
639
1000
2254
3556
1059
448
1505
593
556
1788
652
460
651
1597
3069
781
980
433
3343
1202
2748
446
3195
1372
739
1890
2165
1235
1710
1211
671
1414
843
488
363
3092
720
2012
1434
1317
783
733
3150
1188
1988
420
891
1882
579
616
594
454
1612
963
1002
648
3575
2883
385
1801
716
654
411
3102
2418
805
716
3418
460
1304
741
1094
717
2389
1354
816
1152
1228
1740
1233
652
3414
461
2525
483
778
617
1283
1719
493
853
1848
1926
509
1291
1446
879
3604
1325
481
616
532
1263
629
895
440
925
2591
849
924
697
2065
435
2070
3182
843
661
2683
1287
1965
2534
352
719
2926
2917
1019
2798
995
2557
1002
564
1060
951
933
2800
3180
434
620
875
1955
1872
2461
891
1525
1843
835
3359
642
2101
1079
2640
2291
481
654
854
1035
902
1198
546
1796
1246
623
3154
2108
1469
476
545
1029
1239
386
1373
1142
462
1150
2388
426
491
660
722
2784
796
426
733
1567
582
530
2399
1275
442
451
2790
609
465
955
636
2101
917
1820
2446
1033
3177
687
706
667
557
764
836
3625
578
583
1818
3384
1068
1255
2678
1108
447
2447
376
2888
3060
798
2384
676
3532
731
2455
2578
1907
906
1076
1307
507
2217
1110
2323
2154
910
442
2935
2299
1564
445
364
590
780
766
950
1114
646
398
503
788
376
975
1059
746
1989
2727
538
531
970
666
1034
2725
1883
652
1671
2195
1001
1592
1045
655
1390
806
927
420
2047
468
798
1837
3118
3440
1428
683
1933
588
728
450
1333
3335
652
2189
928
2257
1346
721
624
1573
1258
2465
1354
645
351
2001
1152
2084
2730
509
3273
2866
832
1062
1314
1738
761
717
2113
636
789
542
450
3467
3631
497
1009
1125
666
742
1198
385
662
1518
1808
1716
467
583
654
2378
743
1501
491
825
703
606
2617
717
3395
1699
583
1548
1633
1178
1069
3100
2518
1211
452
496
1064
947
617
1823
2009
1731
643
796
3645
1050
807
647
1971
516
514
2354
2311
3088
1920
555
453
640
1404
514
2224
920
444
1696
855
763
1211
1915
2641
597
2574
434
491
1274
1759
879
842
633
618
976
1150
798
1164
438
729
882
681
690
1186
447
1059
435
691
445
1056
360
672
623
1491
1786
2162
2348
400
645
2566
1955
419
489
1460
2874
2803
937
1164
935
1378
491
445
918
1773
1057
2335
1126
905
2571
1029
993
1236
1296
790
1807
2117
1963
541
1357
1795
3382
890
426
633
2521
888
708
731
607
731
429
705
685
1178
1659
412
679
619
1177
712
2228
569
832
797
1988
641
1429
1996
822
2592
1027
1597
2367
904
1378
457
1580
594
865
593
2481
1089
402
1002
3061
421
2044
2324
2650
888
449
1294
700
2665
1477
644
3287
1085
883
440
560
1087
2277
1011
925
2445
1065
2689
398
576
482
2421
1338
842
2758
984
1768
445
855
1274
996
1503
701
633
1933
528
622
607
1736
784
659
2020
720
1930
576
642
789
2405
580
1217
1901
565
975
593
475
449
651
1941
1917
623
848
3479
423
776
791
3029
813
738
1033
1551
785
1319
416
546
741
3202
759
472
841
2412
2097
563
1117
2968
524
807
2314
769
721
640
509
618
912
1046
3092
596
1480
1220
635
571
2958
1382
3261
2804
2527
1995
3397
1497
654
1040
1812
1002
841
444
2245
2142
1420
1116
2389
2112
452
521
647
1674
2235
1430
798
402
1353
2016
581
1242
1792
622
582
807
806
1588
978
2226
1029
1113
711
403
658
942
3099
494
2104
2638
3537
576
781
436
1562
925
875
1996
847
3579
490
718
594
2071
544
1219
2730
1811
447
1101
572
752
2575
582
1836
565
739
1314
369
973
786
807
707
3412
2477
1087
552
535
396
442
1049
1997
1544
694
1011
598
2209
652
947
730
2262
715
1418
1730
1307
437
1219
2121
975
3004
470
1164
1272
672
744
719
635
448
2123
679
759
519
2651
712
1566
805
551
754
494
854
1025
579
1728
440
2898
2703
3035
1737
662
691
642
768
2545
953
868
1249
2960
1642
1657
2349
707
411
810
3600
1384
2841
985
356
1451
1066
842
393
1051
2810
352
541
878
849
2740
2461
682
2726
1306
823
1089
1472
1035
2502
458
2621
616
751
2178
634
637
558
2880
1610
449
510
3570
1419
3577
376
1131
552
2729
2735
532
2347
640
482
600
496
1039
764
702
730
551
2792
2825
634
2744
396
595
1216
810
1733
430
2165
972
2171
643
454
2262
1401
1851
2319
771
3029
1209
1213
2333
2607
568
1015
2648
1670
378
2308
501
2043
325
776
360
659
338
771
579
1341
485
1687
3424
998
680
426
1454
928
498
613
1434
285
1102
556
438
741
1262
295
1579
2254
2174
2579
1265
1900
1931
302
460
1408
2240
1614
735
528
3173
1530
506
411
722
2095
581
632
3060
317
545
1490
1235
476
378
2707
1044
561
885
602
2816
2810
273
697
1619
616
1078
548
2266
679
298
1751
1214
2959
717
1240
2190
327
1861
1494
508
3021
427
2037
2233
764
990
463
1116
682
3027
853
2052
3489
284
449
821
791
3016
808
658
2980
842
1307
1205
2881
291
353
576
488
859
296
670
2372
1025
1699
754
840
1863
1560
421
1735
692
2657
1264
2124
1258
1354
1838
2458
376
494
453
457
2989
441
2827
2592
2544
944
357
520
2314
474
2594
2562
923
3030
241
991
730
872
828
405
1095
2345
556
299
950
749
1052
2345
1195
552
564
512
659
2400
566
428
1884
1343
2720
225
381
1417
3305
337
3000
2260
1617
1429
2112
456
407
220
751
241
2830
2558
370
334
951
2097
1378
548
758
207
675
306
873
3342
478
646
298
499
1354
346
288
2416
3082
1078
1591
1465
293
416
814
520
342
2616
2195
3157
558
757
233
3229
1208
1192
1090
466
1532
560
1754
804
1120
528
955
884
1792
2018
1862
372
1686
489
607
204
2783
960
3093
316
2423
523
474
379
1229
370
476
2472
2433
238
2655
530
670
740
877
506
2516
1114
1047
400
1075
576
1555
556
1544
3087
568
244
3006
1381
2454
318
1351
664
301
543
275
299
657
2305
919
289
414
963
1315
258
372
681
960
2892
1641
1548
1676
659
1601
948
1617
661
2284
432
606
787
2164
2450
2124
427
1041
2880
352
389
555
1584
3481
677
2472
2615
492
2246
2107
913
1233
789
407
1244
1461
906
738
2793
2307
1398
602
1179
3226
1996
998
2284
373
561
2589
895
2043
2569
882
2412
746
466
3256
2698
352
564
3151
465
2063
343
1212
2162
756
540
1754
2264
246
1923
928
2192
480
2871
955
2688
596
1212
1645
432
2050
1184
389
797
3067
279
559
2631
684
451
250
307
656
2878
948
1075
1788
732
458
1012
2193
303
826
918
708
2025
3093
912
1372
514
1378
1180
355
1941
440
611
462
910
219
771
833
1785
530
238
634
1368
1169
3101
440
249
1516
305
2416
666
893
2093
1799
549
1387
442
2767
674
446
699
522
301
581
2080
578
320
646
335
1158
359
1273
493
446
673
576
656
588
521
916
2398
2924
794
471
298
1367
373
2207
1567
1049
736
1186
1157
320
2782
3387
2082
442
974
895
440
331
725
382
267
472
375
2711
821
1049
1309
1055
304
881
1429
1455
2451
1874
668
217
939
742
3401
2606
247
548
507
1394
407
896
1296
780
839
415
808
1754
521
460
381
205
819
673
2162
213
317
357
616
1420
515
566
1496
1602
579
3158
223
279
299
2397
1740
1637
1573
1697
476
361
2685
507
2990
886
1654
1362
651
467
1176
2591
3322
441
2280
298
1238
1161
792
741
2726
458
527
2104
335
263
554
1820
2094
466
494
1616
515
1548
637
779
1838
375
1696
727
843
2426
627
2566
853
928
433
822
1677
645
391
303
869
464
887
1557
1552
685
1288
1345
691
1169
1612
1224
925
249
543
1871
1406
458
1900
3148
560
613
311
288
1727
616
270
406
1016
1465
3321
495
1475
3110
648
3200
1936
513
601
351
1874
516
292
556
704
2097
487
3489
737
548
396
489
850
2104
3406
909
298
1355
443
406
1638
502
310
501
1447
2919
631
830
283
3193
1052
2598
296
3045
1222
589
1740
2015
1085
1560
1061
521
1264
693
338
213
2942
570
1862
1284
1167
633
583
3000
1038
1838
270
741
1732
429
466
444
304
1462
813
852
498
3425
2733
235
1651
566
504
261
2952
2268
655
566
3268
310
1154
591
944
567
2239
1204
666
1002
1078
1590
1083
502
3264
311
2375
333
628
467
1133
1569
343
703
1698
1776
359
1141
1296
729
3454
1175
331
466
382
1113
479
745
290
775
2441
699
774
547
1915
285
1920
3032
693
511
2533
1137
1815
2384
202
569
2776
2767
869
2648
845
2407
852
414
910
801
783
2650
3030
284
470
725
1805
1722
2311
741
1375
1693
685
3209
492
1951
929
2490
2141
331
504
704
885
752
1048
396
1646
1096
473
3004
1958
1319
326
395
879
1089
236
1223
992
312
1000
2238
276
341
510
572
2634
646
276
583
1417
432
380
2249
1125
292
301
2640
459
315
805
486
1951
767
1670
2296
883
3027
537
556
517
407
614
686
3475
428
433
1668
3234
918
1105
2528
958
297
2297
226
2738
2910
648
2234
526
3382
581
2305
2428
1757
756
926
1157
357
2067
960
2173
2004
760
292
2785
2149
1414
295
214
440
630
616
800
964
496
248
353
638
226
825
909
596
1839
2577
388
381
820
516
884
2575
1733
502
1521
2045
851
1442
895
505
1240
656
777
270
1897
318
648
1687
2968
3290
1278
533
1783
438
578
300
1183
3185
502
2039
778
2107
1196
571
474
1423
1108
2315
1204
495
201
1851
1002
1934
2580
359
3123
2716
682
912
1164
1588
611
567
1963
486
639
392
300
3317
3481
347
859
975
516
592
1048
235
512
1368
1658
1566
317
433
504
2228
593
1351
341
675
553
456
2467
567
3245
1549
433
1398
1483
1028
919
2950
2368
1061
302
346
914
797
467
1673
1859
1581
493
646
3495
900
657
497
1821
366
364
2204
2161
2938
1770
405
303
490
1254
364
2074
770
294
1546
705
613
1061
1765
2491
447
2424
284
341
1124
1609
729
692
483
468
826
1000
648
1014
288
579
732
531
540
1036
297
909
285
541
295
906
210
522
473
1341
1636
2012
2198
250
495
2416
1805
269
339
1310
2724
2653
787
1014
785
1228
341
295
768
1623
907
2185
976
755
2421
879
843
1086
1146
640
1657
1967
1813
391
1207
1645
3232
740
276
483
2371
738
558
581
457
581
279
555
535
1028
1509
262
529
469
1027
562
2078
419
682
647
1838
491
1279
1846
672
2442
877
1447
2217
754
1228
307
1430
444
715
443
2331
939
252
852
2911
271
1894
2174
2500
738
299
1144
550
2515
1327
494
3137
935
733
290
410
937
2127
861
775
2295
915
2539
248
426
332
2271
1188
692
2608
834
1618
295
705
1124
846
1353
551
483
1783
378
472
457
1586
634
509
1870
570
1780
426
492
639
2255
430
1067
1751
415
825
443
325
299
501
1791
1767
473
698
3329
273
626
641
2879
663
588
883
1401
635
1169
266
396
591
3052
609
322
691
2262
1947
413
967
2818
374
657
2164
619
571
490
359
468
762
896
2942
446
1330
1070
485
421
2808
1232
3111
2654
2377
1845
3247
1347
504
890
1662
852
691
294
2095
1992
1270
966
2239
1962
302
371
497
1524
2085
1280
648
252
1203
1866
431
1092
1642
472
432
657
656
1438
828
2076
879
963
561
253
508
792
2949
344
1954
2488
3387
426
631
286
1412
775
725
1846
697
3429
340
568
444
1921
394
1069
2580
1661
297
951
422
602
2425
432
1686
415
589
1164
219
823
636
657
557
3262
2327
937
402
385
246
292
899
1847
1394
544
861
448
2059
502
797
580
2112
565
1268
1580
1157
287
1069
1971
825
2854
320
1014
1122
522
594
569
485
298
1973
529
609
369
2501
562
1416
655
401
604
344
704
875
429
1578
290
2748
2553
2885
1587
512
541
492
618
2395
803
718
1099
2810
1492
1507
2199
557
261
660
3450
1234
2691
835
206
1301
916
692
243
901
2660
202
391
728
699
2590
2311
532
2576
1156
673
939
1322
885
2352
308
2471
466
601
2028
484
487
408
2730
1460
299
360
3420
1269
3427
226
981
402
2579
2585
382
2197
490
332
450
346
889
614
552
580
401
2642
2675
484
2594
246
445
1066
660
1583
280
2015
822
