1693
1776
1427
1553
1951
1986
1897
1546
1113
1240
1495
1679
1905
1632
1251
1279
1032
1114
1199
1803
1073
1335
1448
1884
1055
1596
1400
1056
1426
1954
1288
1542
1268
1170
1714
1294
1643
1319
1027
1634
1809
1849
1303
1654
1409
1720
1270
1300
1678
1706
1748
1018
1736
1019
1552
1837
1815
1249
1230
1527
1576
1705
1939
1024
1638
1242
1116
1194
1594
1457
1143
1624
1076
1987
1999
1816
1081
1420
1424
1825
1159
1472
1287
1257
1060
1641
1653
1978
1299
1037
1342
1648
1369
1237
1958
1753
1864
1403
1998
1446
1196
1498
1767
1716
1379
1682
1338
1800
1791
1547
1209
1001
1911
1813
1540
1378
1104
1002
1906
1460
1691
1931
1325
1604
1078
1376
1667
1859
1840
1530
1739
1865
1569
1463
1556
1544
1059
1915
1715
1551
1317
1031
1827
1871
1404
1174
1142
1662
1858
1696
1434
1316
1334
1909
1518
1526
1658
1771
1124
1160
1719
1683
1314
1726
1292
1395
1804
1488
1661
1475
1284
1173
1749
1393
1355
1866
1126
1374
1437
1848
1936
1445
1321
1700
1619
1732
1363
1747
1008
1856
1510
1015
1983
1622
1545
1567
1186
1902
1035
1507
1381
1830
1011
1062
1862
1593
1537
1963
1304
1798
1333
1589
1559
1499
1486
1468
1163
1698
1517
1580
1811
1050
1655
1080
1585
1521
1083
1447
1049
1213
1038
1138
1988
1108
1192
1960
1276
1970
1979
1433
1969
1493
1349
1357
1889
1425
1469
1807
1938
1397
1647
1092
1839
1205
1991
1141
1280
1438
1245
1125
1253
1913
1539
1144
1501
1215
1912
1976
1629
1176
1805
1061
1152
1178
1158
1301
1762
1362
1869
1652
1922
1982
1729
1892
1258
1200
1115
1180
1940
1502
1993
1670
1561
1466
1278
1630
1476
1214
1664
1383
1565
1605
1167
1515
1079
1263
1831
1917
1029
1923
1085
1025
1481
1534
1754
1644
1467
1769
1442
1872
1106
1738
1191
1845
1671
1156
1582
1657
1358
1676
1718
1462
1266
1485
1832
1494
1500
1308
1432
1391
1932
1388
1419
1182
1203
1014
1690
1283
1713
1305
1232
1636
1451
1273
1377
1950
1506
1169
1820
1770
1020
1368
1453
1380
1318
1043
1436
1443
1868
1631
1927
1597
1846
1894
1483
1876
1465
1674
1920
1307
1833
1898
1184
1293
1673
1599
1017
1817
1331
1722
1295
1390
1728
1666
1248
1994
1227
1975
1175
1093
1844
1802
1743
1901
1620
1171
1873
1423
1663
1354
1070
1435
1003
1925
1777
1168
1429
1789
1812
1405
1555
1179
1247
1336
1421
1183
1566
1651
1850
1881
1688
1212
1701
1532
1680
1490
1511
1990
1492
1774
1484
1130
1315
1146
1309
1613
1198
1095
1821
1399
1302
1746
1077
1949
1509
1252
1127
1787
1964
1737
1946
1406
1047
1692
1326
1312
1584
1603
1022
1904
1455
1123
1928
1778
1289
1256
1759
1482
1947
1885
1875
1863
1543
1250
1347
1633
1157
1286
1724
1074
1953
1290
1942
1449
1513
1957
1934
1269
1398
1103
1277
1313
1392
1118
1880
1847
1899
1417
1352
1895
1096
1066
1823
1637
1324
1656
1609
1621
1760
1356
1410
1779
1254
1548
1010
1147
1030
1893
1785
1235
1796
1058
1742
1503
1966
1458
1036
1900
1575
1554
1578
1474
1595
1444
1021
1105
1694
1296
1882
1439
1751
1241
1989
1004
1310
1708
1371
1711
1687
1181
1571
1887
1054
1627
1914
1646
1211
1573
1285
1013
1389
1450
1246
1478
1007
1282
1505
1793
1703
1814
1977
1340
1523
1740
1320
1046
1685
1626
1910
1231
1733
1190
1611
1264
1026
1645
1206
1109
1346
1145
1943
1783
1344
1224
1402
1016
1041
1370
1112
1148
1337
1330
1329
1659
1100
1818
1756
1084
1244
1772
1623
1945
1918
1052
1322
1149
1097
1524
1838
1087
1091
1193
1195
1672
1053
1668
1089
1233
1649
1985
1075
1857
1516
1189
1808
1220
1824
1373
1407
1135
1635
1921
1538
1172
1973
1896
1137
1133
1332
1098
1955
1068
1228
1835
1223
1995
1536
1119
1128
1341
1996
1763
1586
1926
1766
1259
1459
1210
1557
1261
1786
1707
1281
1107
1522
1151
1122
1162
1775
1082
1033
1709
1512
1272
1372
1686
1780
1717
1564
1497
1773
1819
1120
1345
1165
1188
1090
1967
1890
1226
1935
1581
1086
1291
1275
1617
1610
1878
1470
1650
1271
1590
1908
1057
1854
1519
1874
1260
1587
1396
1479
1810
1350
1051
1563
1558
1660
1267
1067
1790
1937
1394
1891
1861
1628
1744
1962
1591
1102
1065
1197
1520
1745
1504
1430
1852
1541
1382
1099
1734
1234
1577
1473
1788
1615
1757
1665
1111
1216
1725
1870
1919
1735
1829
1834
1339
1136
1806
1853
1311
1401
1929
1207
1489
1454
1616
1042
1843
1044
1972
1550
1612
1094
1208
1642
1408
1023
1860
1456
1005
1761
1117
1045
1916
1794
1841
1343
1992
1155
1640
1836
1359
1782
1956
1752
1236
1731
1965
1328
1797
1529
1452
1981
1618
1006
1218
1387
1877
1009
1063
1741
1071
1879
1588
1758
1028
1883
1903
1888
1907
1533
1412
1110
1689
1699
1243
1422
1069
1959
1528
1608
1274
1166
1134
1574
1695
1262
1385
1367
1930
1792
1204
1984
1121
1327
1132
1997
1477
1101
1730
1219
1765
1048
1675
1598
1428
1353
1933
1702
1572
1712
1012
1418
1568
1238
1531
1187
1755
1750
1525
1139
1684
1221
2000
1952
1431
1298
1600
1255
1826
1491
1677
1365
1461
1415
1795
1980
1704
1072
1784
1607
1222
1924
1413
1297
1583
1974
1941
1601
1154
1364
1514
1384
1177
1360
1201
1464
1416
1828
1153
1851
1842
1727
1639
1229
1944
1867
1441
1886
1265
1440
1592
1681
1366
1602
1562
1560
1721
1781
1697
1855
1968
1323
1570
1129
1164
1348
1822
1239
1185
1040
1386
1306
1471
1411
1064
1764
1549
1710
1361
1480
1039
1150
1961
1508
1948
1614
1217
1579
1625
1801
1351
1140
1487
1034
1799
1669
1723
1088
1768
1202
1414
1496
1535
1225
1606
1375
1971
1131
1161
1693
1776
1427
1553
1951
1986
1897
1546
1113
1240
1495
1679
1905
1632
1251
1279
1032
1114
1199
1803
1073
1335
1448
1884
1055
1596
1400
1056
1426
1954
1288
1542
1268
1170
1714
1294
1643
1319
1027
1634
1809
1849
1303
1654
1409
1720
1270
1300
1678
1706
1748
1018
1736
1019
1552
1837
1815
1249
1230
1527
1576
1705
1939
1024
1638
1242
1116
1194
1594
1457
1143
1624
1076
1987
1999
1816
1081
1420
1424
1825
1159
1472
1287
1257
1060
1641
1653
1978
1299
1037
1342
1648
1369
1237
1958
1753
1864
1403
1998
1446
1196
1498
1767
1716
1379
1682
1338
1800
1791
1547
1209
1001
1911
1813
1540
1378
1104
1002
1906
1460
1691
1931
1325
1604
1078
1376
1667
1859
1840
1530
1739
1865
1569
1463
1556
1544
1059
1915
1715
1551
1317
1031
1827
1871
1404
1174
1142
1662
1858
1696
1434
1316
1334
1909
1518
1526
1658
1771
1124
1160
1719
1683
1314
1726
1292
1395
1804
1488
1661
1475
1284
1173
1749
1393
1355
1866
1126
1374
1437
1848
1936
1445
1321
1700
1619
1732
1363
1747
1008
1856
1510
1015
1983
1622
1545
1567
1186
1902
1035
1507
1381
1830
1011
1062
1862
1593
1537
1963
1304
1798
1333
1589
1559
1499
1486
1468
1163
1698
1517
1580
1811
1050
1655
1080
1585
1521
1083
1447
1049
1213
1038
1138
1988
1108
1192
1960
1276
1970
1979
1433
1969
1493
1349
1357
1889
1425
1469
1807
1938
1397
1647
1092
1839
1205
1991
1141
1280
1438
1245
1125
1253
1913
1539
1144
1501
1215
1912
1976
1629
1176
1805
1061
1152
1178
1158
1301
1762
1362
1869
1652
1922
1982
1729
1892
1258
1200
1115
1180
1940
1502
1993
1670
1561
1466
1278
1630
1476
1214
1664
1383
1565
1605
1167
1515
1079
1263
1831
1917
1029
1923
1085
1025
1481
1534
1754
1644
1467
1769
1442
1872
1106
1738
1191
1845
1671
1156
1582
1657
1358
1676
1718
1462
1266
1485
1832
1494
1500
1308
1432
1391
1932
1388
1419
1182
1203
1014
1690
1283
1713
1305
1232
1636
1451
1273
1377
1950
1506
1169
1820
1770
1020
1368
1453
1380
1318
1043
1436
1443
1868
1631
1927
1597
1846
1894
1483
1876
1465
1674
1920
1307
1833
1898
1184
1293
1673
1599
1017
1817
1331
1722
1295
1390
1728
1666
1248
1994
1227
1975
1175
1093
1844
1802
1743
1901
1620
1171
1873
1423
1663
1354
1070
1435
1003
1925
1777
1168
1429
1789
1812
1405
1555
1179
1247
1336
1421
1183
1566
1651
1850
1881
1688
1212
1701
1532
1680
1490
1511
1990
1492
1774
1484
1130
1315
1146
1309
1613
1198
1095
1821
1399
1302
1746
1077
1949
1509
1252
1127
1787
1964
1737
1946
1406
1047
1692
1326
1312
1584
1603
1022
1904
1455
1123
1928
1778
1289
1256
1759
1482
1947
1885
1875
1863
1543
1250
1347
1633
1157
1286
1724
1074
1953
1290
1942
1449
1513
1957
1934
1269
1398
1103
1277
1313
1392
1118
1880
1847
1899
1417
1352
1895
1096
1066
1823
1637
1324
1656
1609
1621
1760
1356
1410
1779
1254
1548
1010
1147
1030
1893
1785
1235
1796
1058
1742
1503
1966
1458
1036
1900
1575
1554
1578
1474
1595
1444
1021
1105
1694
1296
1882
1439
1751
1241
1989
1004
1310
1708
1371
1711
1687
1181
1571
1887
1054
1627
1914
1646
1211
1573
1285
1013
1389
1450
1246
1478
1007
1282
1505
1793
1703
1814
1977
1340
1523
1740
1320
1046
1685
1626
1910
1231
1733
1190
1611
1264
1026
1645
1206
1109
1346
1145
1943
1783
1344
1224
1402
1016
1041
1370
1112
1148
1337
1330
1329
1659
1100
1818
1756
1084
1244
1772
1623
1945
1918
1052
1322
1149
1097
1524
1838
1087
1091
1193
1195
1672
1053
1668
1089
1233
1649
1985
1075
1857
1516
1189
1808
1220
1824
1373
1407
1135
1635
1921
1538
1172
1973
1896
1137
1133
1332
1098
1955
1068
1228
1835
1223
1995
1536
1119
1128
1341
1996
1763
1586
1926
1766
1259
1459
1210
1557
1261
1786
1707
1281
1107
1522
1151
1122
1162
1775
1082
1033
1709
1512
1272
1372
1686
1780
1717
1564
1497
1773
1819
1120
1345
1165
1188
1090
1967
1890
1226
1935
1581
1086
1291
1275
1617
1610
1878
1470
1650
1271
1590
1908
1057
1854
1519
1874
1260
1587
1396
1479
1810
1350
1051
1563
1558
1660
1267
1067
1790
1937
1394
1891
1861
1628
1744
1962
1591
1102
1065
1197
1520
1745
1504
1430
1852
1541
1382
1099
1734
1234
1577
1473
1788
1615
1757
1665
1111
1216
1725
1870
1919
1735
1829
1834
1339
1136
1806
1853
1311
1401
1929
1207
1489
1454
1616
1042
1843
1044
1972
1550
1612
1094
1208
1642
1408
1023
1860
1456
1005
1761
1117
1045
1916
1794
1841
1343
1992
1155
1640
1836
1359
1782
1956
1752
1236
1731
1965
1328
1797
1529
1452
1981
1618
1006
1218
1387
1877
1009
1063
1741
1071
1879
1588
1758
1028
1883
1903
1888
1907
1533
1412
1110
1689
1699
1243
1422
1069
1959
1528
1608
1274
1166
1134
1574
1695
1262
1385
1367
1930
1792
1204
1984
1121
1327
1132
1997
1477
1101
1730
1219
1765
1048
1675
1598
1428
1353
1933
1702
1572
1712
1012
1418
1568
1238
1531
1187
1755
1750
1525
1139
1684
1221
2000
1952
1431
1298
1600
1255
1826
1491
1677
1365
1461
1415
1795
1980
1704
1072
1784
1607
1222
1924
1413
1297
1583
1974
1941
1601
1154
1364
1514
1384
1177
1360
1201
1464
1416
1828
1153
1851
1842
1727
1639
1229
1944
1867
1441
1886
1265
1440
1592
1681
1366
1602
1562
1560
1721
1781
1697
1855
1968
1323
1570
1129
1164
1348
1822
1239
1185
1040
1386
1306
1471
1411
1064
1764
1549
1710
1361
1480
1039
1150
1961
1508
1948
1614
1217
1579
1625
1801
1351
1140
1487
1034
1799
1669
1723
1088
1768
1202
1414
1496
1535
1225
1606
1375
1971
1131
1161
1693
1776
1427
1553
1951
1986
1897
1546
1113
1240
1495
1679
1905
1632
1251
1279
1032
1114
1199
1803
1073
1335
1448
1884
1055
1596
1400
1056
1426
1954
1288
1542
1268
1170
1714
1294
1643
1319
1027
1634
1809
1849
1303
1654
1409
1720
1270
1300
1678
1706
1748
1018
1736
1019
1552
1837
1815
1249
1230
1527
1576
1705
1939
1024
1638
1242
1116
1194
1594
1457
1143
1624
1076
1987
1999
1816
1081
1420
1424
1825
1159
1472
1287
1257
1060
1641
1653
1978
1299
1037
1342
1648
1369
1237
1958
1753
1864
1403
1998
1446
1196
1498
1767
1716
1379
1682
1338
1800
1791
1547
1209
1001
1911
1813
1540
1378
1104
1002
1906
1460
1691
1931
1325
1604
1078
1376
1667
1859
1840
1530
1739
1865
1569
1463
1556
1544
1059
1915
1715
1551
1317
1031
1827
1871
1404
1174
1142
1662
1858
1696
1434
1316
1334
1909
1518
1526
1658
1771
1124
1160
1719
1683
1314
1726
1292
1395
1804
1488
1661
1475
1284
1173
1749
1393
1355
1866
1126
1374
1437
1848
1936
1445
1321
1700
1619
1732
1363
1747
1008
1856
1510
1015
1983
1622
1545
1567
1186
1902
1035
1507
1381
1830
1011
1062
1862
1593
1537
1963
1304
1798
1333
1589
1559
1499
1486
1468
1163
1698
1517
1580
1811
1050
1655
1080
1585
1521
1083
1447
1049
1213
1038
1138
1988
1108
1192
1960
1276
1970
1979
1433
1969
1493
1349
1357
1889
1425
1469
1807
1938
1397
1647
1092
1839
1205
1991
1141
1280
1438
1245
1125
1253
1913
1539
1144
1501
1215
1912
1976
1629
1176
1805
1061
1152
1178
1158
1301
1762
1362
1869
1652
1922
1982
1729
1892
1258
1200
1115
1180
1940
1502
1993
1670
1561
1466
1278
1630
1476
1214
1664
1383
1565
1605
1167
1515
1079
1263
1831
1917
1029
1923
1085
1025
1481
1534
1754
1644
1467
1769
1442
1872
1106
1738
1191
1845
1671
1156
1582
1657
1358
1676
1718
1462
1266
1485
1832
1494
1500
1308
1432
1391
1932
1388
1419
1182
1203
1014
1690
1283
1713
1305
1232
1636
1451
1273
1377
1950
1506
1169
1820
1770
1020
1368
1453
1380
1318
1043
1436
1443
1868
1631
1927
1597
1846
1894
1483
1876
1465
1674
1920
1307
1833
1898
1184
1293
1673
1599
1017
1817
1331
1722
1295
1390
1728
1666
1248
1994
1227
1975
1175
1093
1844
1802
1743
1901
1620
1171
1873
1423
1663
1354
1070
1435
1003
1925
1777
1168
1429
1789
1812
1405
1555
1179
1247
1336
1421
1183
1566
1651
1850
1881
1688
1212
1701
1532
1680
1490
1511
1990
1492
1774
1484
1130
1315
1146
1309
1613
1198
1095
1821
1399
1302
1746
1077
1949
1509
1252
1127
1787
1964
1737
1946
1406
1047
1692
1326
1312
1584
1603
1022
1904
1455
1123
1928
1778
1289
1256
1759
1482
1947
1885
1875
1863
1543
1250
1347
1633
1157
1286
1724
1074
1953
1290
1942
1449
1513
1957
1934
1269
1398
1103
1277
1313
1392
1118
1880
1847
1899
1417
1352
1895
1096
1066
1823
1637
1324
1656
1609
1621
1760
1356
1410
1779
1254
1548
1010
1147
1030
1893
1785
1235
1796
1058
1742
1503
1966
1458
1036
1900
1575
1554
1578
1474
1595
1444
1021
1105
1694
1296
1882
1439
1751
1241
1989
1004
1310
1708
1371
1711
1687
1181
1571
1887
1054
1627
1914
1646
1211
1573
1285
1013
1389
1450
1246
1478
1007
1282
1505
1793
1703
1814
1977
1340
1523
1740
1320
1046
1685
1626
1910
1231
1733
1190
1611
1264
1026
1645
1206
1109
1346
1145
1943
1783
1344
1224
1402
1016
1041
1370
1112
1148
1337
1330
1329
1659
1100
1818
1756
1084
1244
1772
1623
1945
1918
1052
1322
1149
1097
1524
1838
1087
1091
1193
1195
1672
1053
1668
1089
1233
1649
1985
1075
1857
1516
1189
1808
1220
1824
1373
1407
1135
1635
1921
1538
1172
1973
1896
1137
1133
1332
1098
1955
1068
1228
1835
1223
1995
1536
1119
1128
1341
1996
1763
1586
1926
1766
1259
1459
1210
1557
1261
1786
1707
1281
1107
1522
1151
1122
1162
1775
1082
1033
1709
1512
1272
1372
1686
1780
1717
1564
1497
1773
1819
1120
1345
1165
1188
1090
1967
1890
1226
1935
1581
1086
1291
1275
1617
1610
1878
1470
1650
1271
1590
1908
1057
1854
1519
1874
1260
1587
1396
1479
1810
1350
1051
1563
1558
1660
1267
1067
1790
1937
1394
1891
1861
1628
1744
1962
1591
1102
1065
1197
1520
1745
1504
1430
1852
1541
1382
1099
1734
1234
1577
1473
1788
1615
1757
1665
1111
1216
1725
1870
1919
1735
1829
1834
1339
1136
1806
1853
1311
1401
1929
1207
1489
1454
1616
1042
1843
1044
1972
1550
1612
1094
1208
1642
1408
1023
1860
1456
1005
1761
1117
1045
1916
1794
1841
1343
1992
1155
1640
1836
1359
1782
1956
1752
1236
1731
1965
1328
1797
1529
1452
1981
1618
1006
1218
1387
1877
1009
1063
1741
1071
1879
1588
1758
1028
1883
1903
1888
1907
1533
1412
1110
1689
1699
1243
1422
1069
1959
1528
1608
1274
1166
1134
1574
1695
1262
1385
1367
1930
1792
1204
1984
1121
1327
1132
1997
1477
1101
1730
1219
1765
1048
1675
1598
1428
1353
1933
1702
1572
1712
1012
1418
1568
1238
1531
1187
1755
1750
1525
1139
1684
1221
2000
1952
1431
1298
1600
1255
1826
1491
1677
1365
1461
1415
1795
1980
1704
1072
1784
1607
1222
1924
1413
1297
1583
1974
1941
1601
1154
1364
1514
1384
1177
1360
1201
1464
1416
1828
1153
1851
1842
1727
1639
1229
1944
1867
1441
1886
1265
1440
1592
1681
1366
1602
1562
1560
1721
1781
1697
1855
1968
1323
1570
1129
1164
1348
1822
1239
1185
1040
1386
1306
1471
1411
1064
1764
1549
1710
1361
1480
1039
1150
1961
1508
1948
1614
1217
1579
1625
1801
1351
1140
1487
1034
1799
1669
1723
1088
1768
1202
1414
1496
1535
1225
1606
1375
1971
1131
1161
